0.502496 0.784897 0.765226 0.804513 0.778670 0.802101 0.862431
0.784897 0.384049 0.437462 0.480460 0.452396 0.656601 0.539324
0.765226 0.437462 0.361880 0.425285 0.398200 0.637780 0.484165
0.804513 0.480460 0.425285 0.322325 0.414458 0.677571 0.416900
0.778670 0.452396 0.398200 0.414458 0.358119 0.650647 0.474966
0.802101 0.656601 0.637780 0.677571 0.650647 0.501928 0.735866
0.862431 0.539324 0.484165 0.416900 0.474966 0.735866 0.320918
