0.724592 0.832919 0.921678 0.921167 0.869786 0.885969 0.883647
0.832919 0.521354 0.615343 0.611891 0.556680 0.576273 0.592988
0.921678 0.615343 0.188578 0.461183 0.395050 0.324326 0.406374
0.921167 0.611891 0.461183 0.349616 0.405950 0.440469 0.420876
0.869786 0.556680 0.395050 0.405950 0.307476 0.364875 0.365576
0.885969 0.576273 0.324326 0.440469 0.364875 0.267382 0.394155
0.883647 0.592988 0.406374 0.420876 0.365576 0.394155     -nan
