0.443128 0.754206 0.842767 0.792476 0.757320 0.798436 0.784522
0.754206 0.440824 0.633906 0.580891 0.547818 0.589261 0.574444
0.842767 0.633906 0.282197 0.495448 0.425595 0.372713 0.434205
0.792476 0.580891 0.495448 0.344105 0.405051 0.450212 0.434071
0.757320 0.547818 0.425595 0.405051 0.318299 0.380313 0.364998
0.798436 0.589261 0.372713 0.450212 0.380313 0.283342 0.386506
0.784522 0.574444 0.434205 0.434071 0.364998 0.386506 0.334789
