 0 0.923729525409 0.870434623813 0.886956521739 0.916702558360 0.912315109913 0.880381334671 0.839184305627 0.850976583576 0.848836203167 0.876981357791 0.856073367022 0.862385321101 0.870351198535 0.776801405975 0.654171388719 0.977700515526 0.773595775324 0.928413610252 0.940148172813 0.927844827586 0.900774161325 0.928211475555
 0.923729525409 0 0.390784536172 0.363518646409 0.415633467444 0.390080845771 0.470925784239 0.434497458600 0.456857495881 0.463229844355 0.482173498570 0.517050526692 0.452824234774 0.436327739388 0.914379383959 0.864970809008 0.863235125530 0.613696626131 0.553655660377 0.522864401397 0.528227463226 0.501746308938 0.534404057481
 0.870434623813 0.390784536172 0 0.382772872440 0.391257613759 0.382779994905 0.412310902452 0.395413171515 0.386806259147 0.398761443188 0.429770043505 0.444072469476 0.413360810579 0.414169839431 0.861461794020 0.813272727273 0.811942174733 0.557201481333 0.497019715727 0.484242424242 0.486370157819 0.459861591696 0.465745856354
 0.886956521739 0.363518646409 0.382772872440 0 0.363370028409 0.416092726356 0.437299700196 0.400354609929 0.412847106056 0.408803350263 0.439654285420 0.459842821545 0.419272603671 0.444225883124 0.895000822233 0.824330417531 0.822391920187 0.560481880122 0.497543668122 0.496225767713 0.505334281650 0.465701806971 0.485555454297
 0.916702558360 0.415633467444 0.391257613759 0.363370028409 0 0.394709502118 0.463917525773 0.456755847215 0.463535620053 0.469813391877 0.483990991873 0.516153268219 0.462223661835 0.477504873294 0.904635139367 0.861877509183 0.861824204424 0.623178870195 0.543170436885 0.533804648139 0.541892349357 0.500691225502 0.533333333333
 0.912315109913 0.390080845771 0.382779994905 0.416092726356 0.394709502118 0 0.458860759494 0.415604080332 0.438121047877 0.432122524256 0.482027052066 0.527894002789 0.431425072708 0.400394333285 0.867000147124 0.839606536054 0.885923949300 0.599129894344 0.550883507853 0.518047200370 0.508586947839 0.494178425476 0.521956825084
 0.880381334671 0.470925784239 0.412310902452 0.437299700196 0.463917525773 0.458860759494 0 0.310371743585 0.375663990117 0.376503055391 0.421118294204 0.437460046878 0.416017275373 0.417421224194 0.900591177808 0.826836805902 0.804231350460 0.574573472757 0.487738693467 0.494303076339 0.487020648968 0.471006927968 0.478786657261
 0.839184305627 0.434497458600 0.395413171515 0.400354609929 0.456755847215 0.415604080332 0.310371743585 0 0.343261512463 0.355167762603 0.396242943352 0.387740029542 0.354487541327 0.367291391243 0.850070279556 0.802289815448 0.816708081884 0.538836772983 0.436739974127 0.428908027299 0.424209194433 0.402421189470 0.427065330107
 0.850976583576 0.456857495881 0.386806259147 0.412847106056 0.463535620053 0.438121047877 0.375663990117 0.343261512463 0 0.323812546282 0.423143138219 0.403392161357 0.389068498687 0.394616209890 0.876629103381 0.804639673504 0.791326303282 0.569116257089 0.487796941100 0.477653061224 0.467055702918 0.453348305431 0.464413778116
 0.848836203167 0.463229844355 0.398761443188 0.408803350263 0.469813391877 0.432122524256 0.376503055391 0.355167762603 0.323812546282 0 0.425938633467 0.433562534845 0.393939393939 0.406096131301 0.865934065934 0.825388645538 0.785925487877 0.570051960321 0.467567333507 0.456090188710 0.458598186287 0.439578396928 0.445614340411
 0.876981357791 0.482173498570 0.429770043505 0.439654285420 0.483990991873 0.482027052066 0.421118294204 0.396242943352 0.423143138219 0.425938633467 0 0.323257766583 0.311651848386 0.429434574804 0.880434782609 0.818768619662 0.829304929674 0.587355317755 0.371774354871 0.371978851964 0.383599178002 0.356179881211 0.374735995172
 0.856073367022 0.517050526692 0.444072469476 0.459842821545 0.516153268219 0.527894002789 0.437460046878 0.387740029542 0.403392161357 0.433562534845 0.323257766583 0 0.289119170984 0.451688791800 0.940016849200 0.824843779587 0.834315342918 0.601424896101 0.404868078781 0.393977415307 0.386261463766 0.371525909987 0.397268180069
 0.862385321101 0.452824234774 0.413360810579 0.419272603671 0.462223661835 0.431425072708 0.416017275373 0.354487541327 0.389068498687 0.393939393939 0.311651848386 0.289119170984 0 0.373935136751 0.869963232535 0.831509666804 0.827539807132 0.574122295053 0.352098683666 0.333255177804 0.347921048374 0.316237314598 0.333084205282
 0.870351198535 0.436327739388 0.414169839431 0.444225883124 0.477504873294 0.400394333285 0.417421224194 0.367291391243 0.394616209890 0.406096131301 0.429434574804 0.451688791800 0.373935136751 0 0.833872707659 0.823296668513 0.848084830123 0.566282795047 0.459422831633 0.433960843373 0.430741664070 0.410524730859 0.446915753260
 0.776801405975 0.914379383959 0.861461794020 0.895000822233 0.904635139367 0.867000147124 0.900591177808 0.850070279556 0.876629103381 0.865934065934 0.880434782609 0.940016849200 0.869963232535 0.833872707659 0 0.688105447038 1.048507867607 0.798280653005 0.944355484388 0.915916824197 0.914500469778 0.888502794984 0.919372990354
 0.654171388719 0.864970809008 0.813272727273 0.824330417531 0.861877509183 0.839606536054 0.826836805902 0.802289815448 0.804639673504 0.825388645538 0.818768619662 0.824843779587 0.831509666804 0.823296668513 0.688105447038 0 0.932717678100 0.772497375704 0.899385425812 0.893910600678 0.899742489270 0.853091931217 0.888976932559
 0.977700515526 0.863235125530 0.811942174733 0.822391920187 0.861824204424 0.885923949300 0.804231350460 0.816708081884 0.791326303282 0.785925487877 0.829304929674 0.834315342918 0.827539807132 0.848084830123 1.048507867607 0.932717678100 0 0.738202973497 0.894433088854 0.878407665108 0.887426556992 0.860737872922 0.881464475592
 0.773595775324 0.613696626131 0.557201481333 0.560481880122 0.623178870195 0.599129894344 0.574573472757 0.538836772983 0.569116257089 0.570051960321 0.587355317755 0.601424896101 0.574122295053 0.566282795047 0.798280653005 0.772497375704 0.738202973497 0 0.642767779809 0.634883086161 0.634745127436 0.610378987549 0.614380979994
 0.928413610252 0.553655660377 0.497019715727 0.497543668122 0.543170436885 0.550883507853 0.487738693467 0.436739974127 0.487796941100 0.467567333507 0.371774354871 0.404868078781 0.352098683666 0.459422831633 0.944355484388 0.899385425812 0.894433088854 0.642767779809 0 0.277430120985 0.237503237503 0.220213297784 0.253283635073
 0.940148172813 0.522864401397 0.484242424242 0.496225767713 0.533804648139 0.518047200370 0.494303076339 0.428908027299 0.477653061224 0.456090188710 0.371978851964 0.393977415307 0.333255177804 0.433960843373 0.915916824197 0.893910600678 0.878407665108 0.634883086161 0.277430120985 0 0.246063473933 0.203655762140 0.159689145149
 0.927844827586 0.528227463226 0.486370157819 0.505334281650 0.541892349357 0.508586947839 0.487020648968 0.424209194433 0.467055702918 0.458598186287 0.383599178002 0.386261463766 0.347921048374 0.430741664070 0.914500469778 0.899742489270 0.887426556992 0.634745127436 0.237503237503 0.246063473933 0 0.229609712377 0.203432434775
 0.900774161325 0.501746308938 0.459861591696 0.465701806971 0.500691225502 0.494178425476 0.471006927968 0.402421189470 0.453348305431 0.439578396928 0.356179881211 0.371525909987 0.316237314598 0.410524730859 0.888502794984 0.853091931217 0.860737872922 0.610378987549 0.220213297784 0.203655762140 0.229609712377 0 0.239224858002
 0.928211475555 0.534404057481 0.465745856354 0.485555454297 0.533333333333 0.521956825084 0.478786657261 0.427065330107 0.464413778116 0.445614340411 0.374735995172 0.397268180069 0.333084205282 0.446915753260 0.919372990354 0.888976932559 0.881464475592 0.614380979994 0.253283635073 0.159689145149 0.203432434775 0.239224858002 0
