9.315990805625915527e-01 -7.419508776834242425e-02 -2.929822427073500851e-02 -2.427236267160656422e-02 -1.194579972192455139e-02 -1.157580819092583931e-02 -1.123176924401748586e-02 -1.607928668652673296e-02 -9.081993370806314483e-03 5.774859647083083539e-03 4.190949495454981966e-03 2.615348846185455234e-04 5.335401082683298608e-03 6.302554076404311839e-03 1.026738706744005462e-02 1.428458359673135357e-02 8.874043150970829449e-03 1.526593595166782918e-02 4.208091188106738260e-03 4.829118228034522120e-03 -1.040782993573855213e-03 2.161133115271409583e-02 -2.159500658710752363e-01 -1.025703629222061812e-02 6.107747075461112361e-04 -8.119203805547742236e-02 -6.951708861159955344e-02 -3.141691261666447466e-02 -3.133201229280234423e-02 -3.086821068236911964e-02 -3.251284251089686661e-02 -2.311727907065700902e-02 -1.821398652830577211e-02 -1.338883889359601953e-01 -5.384712939778824037e-02
-7.419508776834242425e-02 1.630800485610961914e+00 1.795845060417130545e-01 1.646472379110614781e-01 -1.768781932516037270e-01 -1.942655902387713795e-01 -1.899364915978188906e-01 -1.939444795322242954e-01 -1.723196459355408605e-01 -7.657488527925750132e-02 -4.698078162727152562e-02 -5.786237935220289036e-02 -7.427393940474635858e-02 -1.049581908970794869e-01 -6.125229268922139508e-02 -7.504204781486537024e-02 -5.414552532062657381e-02 -7.307333935577685347e-02 -1.323931438094706758e-01 -1.343397246778874621e-01 -1.452801495583062041e-01 -1.218797640528954951e-01 8.910973099177047496e-01 6.458606917354473009e-02 -1.709782813353526998e-01 4.415017205474997541e-01 3.869140268864427190e-01 -2.172333343111894910e-01 -2.168840862729894403e-01 -2.211800144991142858e-01 -2.170788905589138285e-01 -2.025887639342106028e-01 -1.957349149869111182e-01 3.829275853414376707e-01 1.466003152915037189e-01
-2.929822427073500851e-02 1.795845060417130545e-01 1.222525119781494141e+00 1.375224427575467145e-01 -9.790875873431667542e-02 -1.164791699381707291e-01 -1.165737200006672497e-01 -1.160482301666324462e-01 -9.730883918695286405e-02 -3.208631567478498203e-02 -1.421595840640890729e-02 -1.718138360558957994e-02 -3.057983898352044025e-02 -4.921862522147962826e-02 -2.143659478800749585e-02 -3.232152243671784775e-02 -1.677390459258773503e-02 -3.058902136443146166e-02 -6.546048948219831964e-02 -6.421600574135781503e-02 -7.679003760144538504e-02 -5.835290723347044683e-02 3.869880611432365836e-01 7.801419128131943659e-02 -1.001989374058933346e-01 1.475495068441302904e-01 1.618298377851672964e-01 -1.304657605583060265e-01 -1.319155161997211667e-01 -1.351083603633866925e-01 -1.311332911896502251e-01 -1.203123181499114874e-01 -1.146725447326052277e-01 1.922014748946935248e-01 1.032062225780851633e-01
-2.427236267160656422e-02 1.646472379110614781e-01 1.375224427575467145e-01 1.221659421920776367e+00 -9.886489474337123440e-02 -1.175121982762505068e-01 -1.117303241439780020e-01 -1.184992577880011749e-01 -9.857307178748846155e-02 -3.132606246947794437e-02 -1.429838113516062117e-02 -1.926468608132964055e-02 -3.277914054496498808e-02 -5.043842588358411760e-02 -2.446434184001084616e-02 -3.092589341061081215e-02 -1.973261152449501052e-02 -3.090318162278489142e-02 -6.677454960616363566e-02 -6.635062619224153802e-02 -7.866865986347210127e-02 -6.172855417639489667e-02 3.303210090862011006e-01 8.522582054115326877e-02 -1.001210324684674996e-01 1.327992417204822972e-01 1.470403865139447153e-01 -1.402601763669039103e-01 -1.396630969164744107e-01 -1.443899888812002485e-01 -1.389436296601796461e-01 -1.309231479835743228e-01 -1.247984130353211180e-01 1.533254251613127006e-01 1.062889740390693810e-01
-1.194579972192455139e-02 -1.768781932516037270e-01 -9.790875873431667542e-02 -9.886489474337123440e-02 8.512051105499267578e-01 1.441274416924504254e-01 1.459486388721598915e-01 1.463736707627335543e-01 1.410140483417572643e-01 -3.343484343084859867e-02 -2.514844120141325121e-02 -2.349198162742491616e-02 -3.061735342846915245e-02 -4.571643518318792981e-02 -6.338850694977711704e-03 -6.360724384578556392e-03 -8.762484712609033485e-03 -1.015279679564205957e-02 5.118709101405792550e-02 4.936458463354648912e-02 5.423414952686141793e-02 -1.461191974782431735e-02 -3.751770446924364566e-01 -9.305306178267779005e-02 5.051483287958890428e-02 -1.778417770254037411e-01 -1.647275874888864677e-01 3.955854779540411703e-02 3.440832859744173688e-02 3.077983213852732158e-02 3.271784777789857324e-02 6.356323282889377035e-02 4.893941193647922960e-02 -2.369626368830854146e-01 -1.452087037442879314e-01
-1.157580819092583931e-02 -1.942655902387713795e-01 -1.164791699381707291e-01 -1.175121982762505068e-01 1.441274416924504254e-01 8.228820562362670898e-01 1.675998242543223771e-01 1.983047353547345848e-01 1.507426146454859117e-01 -4.112506497470708178e-02 -4.076193401541676475e-02 -3.858557492477697470e-02 -3.919199853379096848e-02 -3.803441936243395077e-02 -1.962592663854659247e-02 -1.971882297371426937e-02 -2.251345588794995481e-02 -2.105828369035628658e-02 4.067603007080253935e-02 4.257041367246151842e-02 4.406666241970314674e-02 -1.139613760717830826e-02 -3.987754700372409533e-01 -8.601318648618126728e-02 6.075890074395680351e-02 -1.825165406286771430e-01 -1.774417667483272343e-01 4.878887181954680990e-02 4.658512736384742836e-02 4.690296956221379904e-02 4.365342831576164012e-02 7.784892040845244054e-02 6.363255755785984791e-02 -2.343416228692562220e-01 -1.376249498848718111e-01
-1.123176924401748586e-02 -1.899364915978188906e-01 -1.165737200006672497e-01 -1.117303241439780020e-01 1.459486388721598915e-01 1.675998242543223771e-01 9.038466215133666992e-01 1.960105481919152126e-01 1.433438865103975890e-01 -3.439869683410440304e-02 -3.871922125836282924e-02 -3.880024191394444016e-02 -4.136898975571044051e-02 -4.380773126154373365e-02 -2.079949783251471354e-02 -1.654945305005799117e-02 -2.575703982137060588e-02 -1.975792074274502694e-02 4.311590701623298910e-02 4.231388521234146632e-02 3.954849061670320104e-02 -1.955535712025962755e-02 -4.006544398216773661e-01 -9.573473643229371555e-02 5.733388764356030926e-02 -1.829203856357915214e-01 -1.785509504282530580e-01 3.649897547996919234e-02 3.686372721187707729e-02 3.568769040632991524e-02 3.367321983682840247e-02 7.219355641683591895e-02 5.189628239220429873e-02 -2.417679131264918180e-01 -1.499346490100356699e-01
-1.607928668652673296e-02 -1.939444795322242954e-01 -1.160482301666324462e-01 -1.184992577880011749e-01 1.463736707627335543e-01 1.983047353547345848e-01 1.960105481919152126e-01 7.968223690986633301e-01 1.350515464411692068e-01 -3.927866642852993057e-02 -3.881748321970069499e-02 -3.698974602774695447e-02 -3.725297028601909366e-02 -3.910527371727801071e-02 -1.862766102702506990e-02 -1.850257842454334709e-02 -2.212493931539714909e-02 -2.324139699886357616e-02 4.067201259191129126e-02 4.236625324442128138e-02 4.452881629457322576e-02 -1.000449235628055045e-02 -3.996373495803175468e-01 -8.620616328357195990e-02 5.964448625258868264e-02 -1.837266855603815752e-01 -1.765032045880244038e-01 4.976659316447866466e-02 4.507748227827446802e-02 4.385999144184123816e-02 4.363000051193646062e-02 8.379616128184287638e-02 6.476754777258747486e-02 -2.324743490114353495e-01 -1.367053696382564965e-01
-9.081993370806314483e-03 -1.723196459355408605e-01 -9.730883918695286405e-02 -9.857307178748846155e-02 1.410140483417572643e-01 1.507426146454859117e-01 1.433438865103975890e-01 1.350515464411692068e-01 8.567792773246765137e-01 -3.572553439839125378e-02 -2.480745880397454417e-02 -2.331408161043706240e-02 -2.916714241286199119e-02 -4.596044684479370923e-02 -6.506438134252365106e-03 -1.026136384498602290e-02 -1.034628963385230728e-02 -1.197421716862324265e-02 4.887386801165988226e-02 4.765868999678074536e-02 5.311742820570489187e-02 -1.612476568601115337e-02 -3.725463719523243178e-01 -9.187224055223180974e-02 4.988043072071258327e-02 -1.769366129670245924e-01 -1.633498169204011530e-01 4.174804383230648619e-02 3.769173230765809207e-02 3.680984625896200485e-02 3.520204581409497324e-02 5.917690683389157519e-02 5.017188817888862395e-02 -2.348560998379634890e-01 -1.439028223804815210e-01
5.774859647083083539e-03 -7.657488527925750132e-02 -3.208631567478498203e-02 -3.132606246947794437e-02 -3.343484343084859867e-02 -4.112506497470708178e-02 -3.439869683410440304e-02 -3.927866642852993057e-02 -3.572553439839125378e-02 9.380694031715393066e-01 6.283881637414387433e-02 9.231007684607259178e-02 1.102334971913478540e-01 9.735923592812258109e-02 5.466023447025409286e-03 1.282245046535407731e-02 6.901044587652437404e-03 1.682792036023070606e-02 -1.613833104352015851e-02 -1.223102724173045185e-02 -2.485601607307921790e-02 1.875732733025519544e-02 -1.940518999074104523e-01 -2.537884556315023882e-02 -2.616090280378204069e-02 -8.389353945774233323e-02 -7.050347704559359330e-02 -4.993395815945229216e-02 -5.016415280939033605e-02 -5.659974655310497094e-02 -5.419837269396112628e-02 -4.803933488716594785e-02 -3.749165526793162700e-02 -1.245681255130149795e-01 -6.204484750333190413e-02
4.190949495454981966e-03 -4.698078162727152562e-02 -1.421595840640890729e-02 -1.429838113516062117e-02 -2.514844120141325121e-02 -4.076193401541676475e-02 -3.871922125836282924e-02 -3.881748321970069499e-02 -2.480745880397454417e-02 6.283881637414387433e-02 9.318804144859313965e-01 6.033554055600900967e-02 6.346565093296105409e-02 6.892476662312330138e-02 1.619767948262205645e-02 2.123564295049114314e-02 1.694906787059933737e-02 2.014921300075103033e-02 -6.637800856141828562e-03 -3.689783608700503929e-03 -1.425900325108412671e-02 2.956969507101536374e-03 -1.309791350421273814e-01 -2.257299156972948639e-02 -2.726549379531092998e-02 -6.567068062239969639e-02 -4.882209616026563642e-02 -5.500632035411431170e-02 -5.500415133493663511e-02 -5.819111757646595190e-02 -5.434791518190713183e-02 -4.952150897681541208e-02 -4.434164252224766234e-02 -1.065514613101623542e-01 -5.931761146745340163e-02
2.615348846185455234e-04 -5.786237935220289036e-02 -1.718138360558957994e-02 -1.926468608132964055e-02 -2.349198162742491616e-02 -3.858557492477697470e-02 -3.880024191394444016e-02 -3.698974602774695447e-02 -2.331408161043706240e-02 9.231007684607259178e-02 6.033554055600900967e-02 9.004313349723815918e-01 1.099365812346335125e-01 6.539809722612885401e-02 1.533756301659805303e-02 1.600622309577372573e-02 1.425571077584066385e-02 1.530022532873702608e-02 -6.043392984236766602e-03 -2.647973027311810012e-03 -1.148382859590784538e-02 8.023338250895266019e-03 -1.529340190597587024e-01 -2.555130655483826840e-02 -2.953897042004290791e-02 -7.497598859819717965e-02 -5.849652386515478281e-02 -4.713200180960910174e-02 -4.898818191326569094e-02 -5.360205419777351599e-02 -5.006615748162541318e-02 -4.209713908048158537e-02 -3.976651599053665498e-02 -1.090352279392294982e-01 -6.116916892388463839e-02
5.335401082683298608e-03 -7.427393940474635858e-02 -3.057983898352044025e-02 -3.277914054496498808e-02 -3.061735342846915245e-02 -3.919199853379096848e-02 -4.136898975571044051e-02 -3.725297028601909366e-02 -2.916714241286199119e-02 1.102334971913478540e-01 6.346565093296105409e-02 1.099365812346335125e-01 8.982405662536621094e-01 9.853951190789131398e-02 8.527439728349642256e-03 1.184658057601863448e-02 8.955297485414124778e-03 1.335903255561173356e-02 -1.286712357235397439e-02 -8.453908030902556117e-03 -2.112629023087183797e-02 1.735997117768969464e-02 -1.856930272720248298e-01 -2.171551597443078727e-02 -2.438278641934191887e-02 -7.851433594651011094e-02 -6.844707909571697002e-02 -4.147732387516343128e-02 -4.439261746880590609e-02 -4.953046666651327729e-02 -4.630877514696123826e-02 -3.934351830441275982e-02 -3.298629685584732185e-02 -1.182791323002954087e-01 -6.032799093124693174e-02
6.302554076404311839e-03 -1.049581908970794869e-01 -4.921862522147962826e-02 -5.043842588358411760e-02 -4.571643518318792981e-02 -3.803441936243395077e-02 -4.380773126154373365e-02 -3.910527371727801071e-02 -4.596044684479370923e-02 9.735923592812258109e-02 6.892476662312330138e-02 6.539809722612885401e-02 9.853951190789131398e-02 8.405638337135314941e-01 2.496831299656158965e-03 7.647337727886022868e-03 3.528725696080196438e-03 1.518168873026528101e-02 -2.912497835774234892e-02 -1.741966713920127530e-02 -3.101235458943367093e-02 4.507504962140668897e-02 -2.511288007207758688e-01 -2.040771799457615811e-03 -1.433273342576950153e-02 -8.709084748684256527e-02 -8.993252025552339601e-02 -2.956671229516070337e-02 -3.148213298613687650e-02 -3.124321732124549569e-02 -3.759594794143063246e-02 -1.655583727639449443e-02 -8.006487907849902524e-03 -1.226002259422938334e-01 -3.516494480097846764e-02
1.026738706744005462e-02 -6.125229268922139508e-02 -2.143659478800749585e-02 -2.446434184001084616e-02 -6.338850694977711704e-03 -1.962592663854659247e-02 -2.079949783251471354e-02 -1.862766102702506990e-02 -6.506438134252365106e-03 5.466023447025409286e-03 1.619767948262205645e-02 1.533756301659805303e-02 8.527439728349642256e-03 2.496831299656158965e-03 8.882741928100585938e-01 6.775100968441898075e-02 2.928131550797422392e-02 3.726630496054925828e-02 9.662330329972768084e-03 9.250445122280912327e-03 3.150742273114841719e-03 1.751138609241200891e-02 -1.528997341765137852e-01 -2.891255828070645600e-02 -7.296553550758692018e-03 -7.833075423771222734e-02 -6.043583672179666383e-02 -2.852113120797255749e-02 -2.709156781691311397e-02 -3.239740515322526992e-02 -3.036122342076709446e-02 -2.490407902151494518e-02 -2.242854058467361883e-02 -1.131137030051437148e-01 -6.361962732751336169e-02
1.428458359673135357e-02 -7.504204781486537024e-02 -3.232152243671784775e-02 -3.092589341061081215e-02 -6.360724384578556392e-03 -1.971882297371426937e-02 -1.654945305005799117e-02 -1.850257842454334709e-02 -1.026136384498602290e-02 1.282245046535407731e-02 2.123564295049114314e-02 1.600622309577372573e-02 1.184658057601863448e-02 7.647337727886022868e-03 6.775100968441898075e-02 8.876283168792724609e-01 3.057468007326635123e-02 4.327501535809380462e-02 6.464906959383114916e-03 6.443181565982953295e-03 4.187000547383745719e-03 2.660719048312037982e-02 -1.939430055578659773e-01 -2.920712246938974785e-02 -6.280972110895215871e-03 -8.879220336110253686e-02 -7.373993527167432838e-02 -3.386696358022667219e-02 -3.405166874509034380e-02 -3.899787131738891022e-02 -3.530635646289102814e-02 -2.988122007592381932e-02 -2.463981069807233762e-02 -1.344360962371519697e-01 -7.644280878828091375e-02
8.874043150970829449e-03 -5.414552532062657381e-02 -1.677390459258773503e-02 -1.973261152449501052e-02 -8.762484712609033485e-03 -2.251345588794995481e-02 -2.575703982137060588e-02 -2.212493931539714909e-02 -1.034628963385230728e-02 6.901044587652437404e-03 1.694906787059933737e-02 1.425571077584066385e-02 8.955297485414124778e-03 3.528725696080196438e-03 2.928131550797422392e-02 3.057468007326635123e-02 8.904119729995727539e-01 5.909720436676048350e-02 5.107579171956197657e-03 8.284547777956093387e-03 6.129037504121136702e-04 1.772036839388659718e-02 -1.374691040594260560e-01 -2.527619463344870157e-02 -8.193436239991594428e-03 -6.993708741899851145e-02 -5.420136857680321607e-02 -2.918873374050496780e-02 -2.662512383781315967e-02 -3.074764437327185546e-02 -2.677637098309631689e-02 -2.365104952486736176e-02 -2.115168932560711895e-02 -1.008979667494393079e-01 -5.400975790198851711e-02
1.526593595166782918e-02 -7.307333935577685347e-02 -3.058902136443146166e-02 -3.090318162278489142e-02 -1.015279679564205957e-02 -2.105828369035628658e-02 -1.975792074274502694e-02 -2.324139699886357616e-02 -1.197421716862324265e-02 1.682792036023070606e-02 2.014921300075103033e-02 1.530022532873702608e-02 1.335903255561173356e-02 1.518168873026528101e-02 3.726630496054925828e-02 4.327501535809380462e-02 5.909720436676048350e-02 9.063724875450134277e-01 5.125918843259436378e-03 4.391224637934376326e-03 -2.662719839305997013e-04 2.843216247521086759e-02 -1.912125938861748697e-01 -2.974928738732364811e-02 -8.316307880935850522e-03 -8.744004159915144681e-02 -7.204668625638506463e-02 -3.635362423211927624e-02 -3.474600354022277376e-02 -4.056573664397081919e-02 -3.750427093057968897e-02 -3.005879803550614779e-02 -2.580880867688200436e-02 -1.336813374809773525e-01 -7.397213416723372181e-02
4.208091188106738260e-03 -1.323931438094706758e-01 -6.546048948219831964e-02 -6.677454960616363566e-02 5.118709101405792550e-02 4.067603007080253935e-02 4.311590701623298910e-02 4.067201259191129126e-02 4.887386801165988226e-02 -1.613833104352015851e-02 -6.637800856141828562e-03 -6.043392984236766602e-03 -1.286712357235397439e-02 -2.912497835774234892e-02 9.662330329972768084e-03 6.464906959383114916e-03 5.107579171956197657e-03 5.125918843259436378e-03 8.738511204719543457e-01 6.298860452448293290e-02 6.979964829773457891e-02 -1.862587360842440313e-03 -2.995856478325818473e-01 -6.927499731089556412e-02 4.692798518394528801e-02 -1.417569434018772223e-01 -1.269090244811083013e-01 2.367154735527297535e-02 2.133403822861548380e-02 2.133839424226788989e-02 2.072122140561646203e-02 3.333984398592577253e-02 3.767432922422836450e-02 -1.958633544761173850e-01 -1.167783268152509518e-01
4.829118228034522120e-03 -1.343397246778874621e-01 -6.421600574135781503e-02 -6.635062619224153802e-02 4.936458463354648912e-02 4.257041367246151842e-02 4.231388521234146632e-02 4.236625324442128138e-02 4.765868999678074536e-02 -1.223102724173045185e-02 -3.689783608700503929e-03 -2.647973027311810012e-03 -8.453908030902556117e-03 -1.741966713920127530e-02 9.250445122280912327e-03 6.443181565982953295e-03 8.284547777956093387e-03 4.391224637934376326e-03 6.298860452448293290e-02 8.470954895019531250e-01 8.203981897389910072e-02 3.539132269617568244e-03 -3.041177714619773820e-01 -6.027508963202122400e-02 4.585123792755083083e-02 -1.389213163247717264e-01 -1.237537007541571893e-01 3.432690050179360020e-02 3.475611464481483809e-02 3.168205124407270229e-02 3.237130801778777961e-02 4.092059597073410826e-02 4.570468832656407465e-02 -1.838865698358984890e-01 -1.006168810376626144e-01
-1.040782993573855213e-03 -1.452801495583062041e-01 -7.679003760144538504e-02 -7.866865986347210127e-02 5.423414952686141793e-02 4.406666241970314674e-02 3.954849061670320104e-02 4.452881629457322576e-02 5.311742820570489187e-02 -2.485601607307921790e-02 -1.425900325108412671e-02 -1.148382859590784538e-02 -2.112629023087183797e-02 -3.101235458943367093e-02 3.150742273114841719e-03 4.187000547383745719e-03 6.129037504121136702e-04 -2.662719839305997013e-04 6.979964829773457891e-02 8.203981897389910072e-02 8.331506848335266113e-01 -6.061892748029380339e-04 -3.208728574164925185e-01 -7.280951592093630464e-02 4.979758856836297848e-02 -1.514679777992139209e-01 -1.381487260739209522e-01 2.699356649738251027e-02 2.410161232902137060e-02 2.093108150076378182e-02 2.058361151903051814e-02 4.288607786400168431e-02 5.304779789668891826e-02 -2.051672603787447757e-01 -1.209577151988182886e-01
2.161133115271409583e-02 -1.218797640528954951e-01 -5.835290723347044683e-02 -6.172855417639489667e-02 -1.461191974782431735e-02 -1.139613760717830826e-02 -1.955535712025962755e-02 -1.000449235628055045e-02 -1.612476568601115337e-02 1.875732733025519544e-02 2.956969507101536374e-03 8.023338250895266019e-03 1.735997117768969464e-02 4.507504962140668897e-02 1.751138609241200891e-02 2.660719048312037982e-02 1.772036839388659718e-02 2.843216247521086759e-02 -1.862587360842440313e-03 3.539132269617568244e-03 -6.061892748029380339e-04 7.676026821136474609e-01 -2.788733841166632366e-01 -1.067770018561052005e-02 1.872080152664437613e-02 -9.856604344634091464e-02 -1.015845751627219712e-01 -3.804239440255960652e-03 -3.735261110243503265e-03 3.937128377210793686e-05 -1.642531115478868681e-02 1.109643173456727194e-02 1.745803541075998527e-02 -1.400970325708547903e-01 -5.496630734287528963e-02
-2.159500658710752363e-01 8.910973099177047496e-01 3.869880611432365836e-01 3.303210090862011006e-01 -3.751770446924364566e-01 -3.987754700372409533e-01 -4.006544398216773661e-01 -3.996373495803175468e-01 -3.725463719523243178e-01 -1.940518999074104523e-01 -1.309791350421273814e-01 -1.529340190597587024e-01 -1.856930272720248298e-01 -2.511288007207758688e-01 -1.528997341765137852e-01 -1.939430055578659773e-01 -1.374691040594260560e-01 -1.912125938861748697e-01 -2.995856478325818473e-01 -3.041177714619773820e-01 -3.208728574164925185e-01 -2.788733841166632366e-01 4.078166961669921875e+00 2.649248711674509482e-02 -3.586209332927619009e-01 7.644290825159126834e-01 7.845269026444490201e-01 -4.225950155028548871e-01 -4.245203375866241635e-01 -4.260852429809580677e-01 -4.183602272537714772e-01 -3.960780010932815065e-01 -3.893106372918676561e-01 1.417578805140302212e+00 3.222168344265189943e-01
-1.025703629222061812e-02 6.458606917354473009e-02 7.801419128131943659e-02 8.522582054115326877e-02 -9.305306178267779005e-02 -8.601318648618126728e-02 -9.573473643229371555e-02 -8.620616328357195990e-02 -9.187224055223180974e-02 -2.537884556315023882e-02 -2.257299156972948639e-02 -2.555130655483826840e-02 -2.171551597443078727e-02 -2.040771799457615811e-03 -2.891255828070645600e-02 -2.920712246938974785e-02 -2.527619463344870157e-02 -2.974928738732364811e-02 -6.927499731089556412e-02 -6.027508963202122400e-02 -7.280951592093630464e-02 -1.067770018561052005e-02 2.649248711674509482e-02 9.395588040351867676e-01 -6.357536016263856671e-02 7.321756714756098849e-02 7.213752741592306672e-02 -8.369111963763335715e-02 -8.423428518043650504e-02 -8.262095433584297488e-02 -8.777662903646080150e-02 -6.648994672793030747e-02 -6.209255394170942050e-02 7.940983528684068815e-02 1.222239550408580899e-01
6.107747075461112361e-04 -1.709782813353526998e-01 -1.001989374058933346e-01 -1.001210324684674996e-01 5.051483287958890428e-02 6.075890074395680351e-02 5.733388764356030926e-02 5.964448625258868264e-02 4.988043072071258327e-02 -2.616090280378204069e-02 -2.726549379531092998e-02 -2.953897042004290791e-02 -2.438278641934191887e-02 -1.433273342576950153e-02 -7.296553550758692018e-03 -6.280972110895215871e-03 -8.193436239991594428e-03 -8.316307880935850522e-03 4.692798518394528801e-02 4.585123792755083083e-02 4.979758856836297848e-02 1.872080152664437613e-02 -3.586209332927619009e-01 -6.357536016263856671e-02 8.201379179954528809e-01 -1.544465084878873240e-01 -1.521711234857849315e-01 5.096230393264986752e-02 4.865088145583992135e-02 4.644104936620540441e-02 4.260965973769296339e-02 7.384198103304176475e-02 6.487490823011678176e-02 -2.042040241273544443e-01 -1.114388007763794375e-01
-8.119203805547742236e-02 4.415017205474997541e-01 1.475495068441302904e-01 1.327992417204822972e-01 -1.778417770254037411e-01 -1.825165406286771430e-01 -1.829203856357915214e-01 -1.837266855603815752e-01 -1.769366129670245924e-01 -8.389353945774233323e-02 -6.567068062239969639e-02 -7.497598859819717965e-02 -7.851433594651011094e-02 -8.709084748684256527e-02 -7.833075423771222734e-02 -8.879220336110253686e-02 -6.993708741899851145e-02 -8.744004159915144681e-02 -1.417569434018772223e-01 -1.389213163247717264e-01 -1.514679777992139209e-01 -9.856604344634091464e-02 7.644290825159126834e-01 7.321756714756098849e-02 -1.544465084878873240e-01 1.526122331619262695e+00 3.614647930559174438e-01 -1.916564039704027889e-01 -1.928750931599728657e-01 -1.919453868293512500e-01 -1.962800338453273008e-01 -1.771791476583892133e-01 -1.720850563254734678e-01 3.314684801488488874e-01 1.434830392766472118e-01
-6.951708861159955344e-02 3.869140268864427190e-01 1.618298377851672964e-01 1.470403865139447153e-01 -1.647275874888864677e-01 -1.774417667483272343e-01 -1.785509504282530580e-01 -1.765032045880244038e-01 -1.633498169204011530e-01 -7.050347704559359330e-02 -4.882209616026563642e-02 -5.849652386515478281e-02 -6.844707909571697002e-02 -8.993252025552339601e-02 -6.043583672179666383e-02 -7.373993527167432838e-02 -5.420136857680321607e-02 -7.204668625638506463e-02 -1.269090244811083013e-01 -1.237537007541571893e-01 -1.381487260739209522e-01 -1.015845751627219712e-01 7.845269026444490201e-01 7.213752741592306672e-02 -1.521711234857849315e-01 3.614647930559174438e-01 1.466156482696533203e+00 -1.928853510628242007e-01 -1.932949361814640388e-01 -1.988328855327331501e-01 -1.955969366067355775e-01 -1.794594578918840000e-01 -1.725314428689456170e-01 3.563100291036836453e-01 1.568383015137021497e-01
-3.141691261666447466e-02 -2.172333343111894910e-01 -1.304657605583060265e-01 -1.402601763669039103e-01 3.955854779540411703e-02 4.878887181954680990e-02 3.649897547996919234e-02 4.976659316447866466e-02 4.174804383230648619e-02 -4.993395815945229216e-02 -5.500632035411431170e-02 -4.713200180960910174e-02 -4.147732387516343128e-02 -2.956671229516070337e-02 -2.852113120797255749e-02 -3.386696358022667219e-02 -2.918873374050496780e-02 -3.635362423211927624e-02 2.367154735527297535e-02 3.432690050179360020e-02 2.699356649738251027e-02 -3.804239440255960652e-03 -4.225950155028548871e-01 -8.369111963763335715e-02 5.096230393264986752e-02 -1.916564039704027889e-01 -1.928853510628242007e-01 7.060497999191284180e-01 2.491619437172837570e-01 2.592795913174809619e-01 2.607883898179481075e-01 1.011797475060353807e-01 1.029049805665468442e-01 -1.954150865182204266e-01 -9.585881990784760054e-02
-3.133201229280234423e-02 -2.168840862729894403e-01 -1.319155161997211667e-01 -1.396630969164744107e-01 3.440832859744173688e-02 4.658512736384742836e-02 3.686372721187707729e-02 4.507748227827446802e-02 3.769173230765809207e-02 -5.016415280939033605e-02 -5.500415133493663511e-02 -4.898818191326569094e-02 -4.439261746880590609e-02 -3.148213298613687650e-02 -2.709156781691311397e-02 -3.405166874509034380e-02 -2.662512383781315967e-02 -3.474600354022277376e-02 2.133403822861548380e-02 3.475611464481483809e-02 2.410161232902137060e-02 -3.735261110243503265e-03 -4.245203375866241635e-01 -8.423428518043650504e-02 4.865088145583992135e-02 -1.928750931599728657e-01 -1.932949361814640388e-01 2.491619437172837570e-01 7.115180492401123047e-01 2.863536721662447437e-01 2.825992557555942475e-01 1.002345524611201466e-01 9.819077316977442571e-02 -1.914563149471449621e-01 -9.553957264042829689e-02
-3.086821068236911964e-02 -2.211800144991142858e-01 -1.351083603633866925e-01 -1.443899888812002485e-01 3.077983213852732158e-02 4.690296956221379904e-02 3.568769040632991524e-02 4.385999144184123816e-02 3.680984625896200485e-02 -5.659974655310497094e-02 -5.819111757646595190e-02 -5.360205419777351599e-02 -4.953046666651327729e-02 -3.124321732124549569e-02 -3.239740515322526992e-02 -3.899787131738891022e-02 -3.074764437327185546e-02 -4.056573664397081919e-02 2.133839424226788989e-02 3.168205124407270229e-02 2.093108150076378182e-02 3.937128377210793686e-05 -4.260852429809580677e-01 -8.262095433584297488e-02 4.644104936620540441e-02 -1.919453868293512500e-01 -1.988328855327331501e-01 2.592795913174809619e-01 2.863536721662447437e-01 7.156121730804443359e-01 2.528841004614905685e-01 1.114408140096493360e-01 1.069664989355748053e-01 -1.895889332375417791e-01 -9.023915485617749199e-02
-3.251284251089686661e-02 -2.170788905589138285e-01 -1.311332911896502251e-01 -1.389436296601796461e-01 3.271784777789857324e-02 4.365342831576164012e-02 3.367321983682840247e-02 4.363000051193646062e-02 3.520204581409497324e-02 -5.419837269396112628e-02 -5.434791518190713183e-02 -5.006615748162541318e-02 -4.630877514696123826e-02 -3.759594794143063246e-02 -3.036122342076709446e-02 -3.530635646289102814e-02 -2.677637098309631689e-02 -3.750427093057968897e-02 2.072122140561646203e-02 3.237130801778777961e-02 2.058361151903051814e-02 -1.642531115478868681e-02 -4.183602272537714772e-01 -8.777662903646080150e-02 4.260965973769296339e-02 -1.962800338453273008e-01 -1.955969366067355775e-01 2.607883898179481075e-01 2.825992557555942475e-01 2.528841004614905685e-01 7.851758599281311035e-01 9.044630217941129757e-02 8.795758036012332748e-02 -1.942302268377033014e-01 -9.979099403105096133e-02
-2.311727907065700902e-02 -2.025887639342106028e-01 -1.203123181499114874e-01 -1.309231479835743228e-01 6.356323282889377035e-02 7.784892040845244054e-02 7.219355641683591895e-02 8.379616128184287638e-02 5.917690683389157519e-02 -4.803933488716594785e-02 -4.952150897681541208e-02 -4.209713908048158537e-02 -3.934351830441275982e-02 -1.655583727639449443e-02 -2.490407902151494518e-02 -2.988122007592381932e-02 -2.365104952486736176e-02 -3.005879803550614779e-02 3.333984398592577253e-02 4.092059597073410826e-02 4.288607786400168431e-02 1.109643173456727194e-02 -3.960780010932815065e-01 -6.648994672793030747e-02 7.384198103304176475e-02 -1.771791476583892133e-01 -1.794594578918840000e-01 1.011797475060353807e-01 1.002345524611201466e-01 1.114408140096493360e-01 9.044630217941129757e-02 6.761294603347778320e-01 1.374903029264167020e-01 -1.672314984341838617e-01 -6.836347598912546897e-02
-1.821398652830577211e-02 -1.957349149869111182e-01 -1.146725447326052277e-01 -1.247984130353211180e-01 4.893941193647922960e-02 6.363255755785984791e-02 5.189628239220429873e-02 6.476754777258747486e-02 5.017188817888862395e-02 -3.749165526793162700e-02 -4.434164252224766234e-02 -3.976651599053665498e-02 -3.298629685584732185e-02 -8.006487907849902524e-03 -2.242854058467361883e-02 -2.463981069807233762e-02 -2.115168932560711895e-02 -2.580880867688200436e-02 3.767432922422836450e-02 4.570468832656407465e-02 5.304779789668891826e-02 1.745803541075998527e-02 -3.893106372918676561e-01 -6.209255394170942050e-02 6.487490823011678176e-02 -1.720850563254734678e-01 -1.725314428689456170e-01 1.029049805665468442e-01 9.819077316977442571e-02 1.069664989355748053e-01 8.795758036012332748e-02 1.374903029264167020e-01 6.556673645973205566e-01 -1.623990675086966762e-01 -6.822462880292574916e-02
-1.338883889359601953e-01 3.829275853414376707e-01 1.922014748946935248e-01 1.533254251613127006e-01 -2.369626368830854146e-01 -2.343416228692562220e-01 -2.417679131264918180e-01 -2.324743490114353495e-01 -2.348560998379634890e-01 -1.245681255130149795e-01 -1.065514613101623542e-01 -1.090352279392294982e-01 -1.182791323002954087e-01 -1.226002259422938334e-01 -1.131137030051437148e-01 -1.344360962371519697e-01 -1.008979667494393079e-01 -1.336813374809773525e-01 -1.958633544761173850e-01 -1.838865698358984890e-01 -2.051672603787447757e-01 -1.400970325708547903e-01 1.417578805140302212e+00 7.940983528684068815e-02 -2.042040241273544443e-01 3.314684801488488874e-01 3.563100291036836453e-01 -1.954150865182204266e-01 -1.914563149471449621e-01 -1.895889332375417791e-01 -1.942302268377033014e-01 -1.672314984341838617e-01 -1.623990675086966762e-01 1.594700694084167480e+00 3.817146841975185279e-01
-5.384712939778824037e-02 1.466003152915037189e-01 1.032062225780851633e-01 1.062889740390693810e-01 -1.452087037442879314e-01 -1.376249498848718111e-01 -1.499346490100356699e-01 -1.367053696382564965e-01 -1.439028223804815210e-01 -6.204484750333190413e-02 -5.931761146745340163e-02 -6.116916892388463839e-02 -6.032799093124693174e-02 -3.516494480097846764e-02 -6.361962732751336169e-02 -7.644280878828091375e-02 -5.400975790198851711e-02 -7.397213416723372181e-02 -1.167783268152509518e-01 -1.006168810376626144e-01 -1.209577151988182886e-01 -5.496630734287528963e-02 3.222168344265189943e-01 1.222239550408580899e-01 -1.114388007763794375e-01 1.434830392766472118e-01 1.568383015137021497e-01 -9.585881990784760054e-02 -9.553957264042829689e-02 -9.023915485617749199e-02 -9.979099403105096133e-02 -6.836347598912546897e-02 -6.822462880292574916e-02 3.817146841975185279e-01 1.048954248428344727e+00
