9.857062697410583496e-01 -3.918557138497921061e-02 -9.599300661837315701e-03 -9.064104861455458961e-03 -3.420148490907087141e-02 -3.378808491521616275e-02 -3.322413520913063134e-02 -3.864854706233868814e-02 -3.111612137798629510e-02 -2.332360847552266553e-03 -9.293501628899611877e-04 -6.009903190465897861e-03 -2.482372722599945642e-03 -4.099592430748920033e-03 4.039446961497628399e-03 6.389378260712938462e-03 3.643037159413103389e-03 7.724011607979131694e-03 -1.201742988142765790e-02 -1.233654550641441298e-02 -1.792314041355693582e-02 1.084973672590515935e-02 -1.050622369709221758e-02 -1.725247751935767015e-02 -5.857478766957826405e-02 -4.010373292032735210e-02 -5.480053230940060138e-02 -5.542611372815772763e-02 -5.375778624344678541e-02 -5.565448945340809722e-02 -4.346896879357329407e-02 -3.775871148067623528e-02 -8.753958680330405084e-02 -4.640979546244378834e-02
-3.918557138497921061e-02 1.603113770484924316e+00 2.424960956207380391e-01 2.267905048886854624e-01 -1.861035884265086759e-01 -2.036007435802892895e-01 -1.978322483714977098e-01 -2.023077556759185214e-01 -1.820888852864765428e-01 -3.574083080104936000e-02 -2.697445927724483310e-03 -1.107225439229422848e-02 -2.899804198293727889e-02 -7.291593161561836511e-02 -2.491995393415213922e-02 -4.175160148419388567e-02 -1.511436467220166752e-02 -3.744611943374315938e-02 -1.243793917644615693e-01 -1.302159619712400240e-01 -1.372336466372540420e-01 -9.741863315999373107e-02 1.194866403478658939e-01 -1.651804861561412541e-01 5.077990108199513797e-01 4.406960814229952672e-01 -2.251938150818171280e-01 -2.264592948595695043e-01 -2.277426277690896006e-01 -2.251342693248231663e-01 -2.018066892559111369e-01 -1.934030029285493391e-01 3.883132710751717731e-01 2.006789487736964639e-01
-9.599300661837315701e-03 2.424960956207380391e-01 1.257387757301330566e+00 2.004329914220204789e-01 -1.272404885718766143e-01 -1.475715105338775146e-01 -1.471103752654130403e-01 -1.464367506452556311e-01 -1.271570106122829613e-01 -4.968431875203960235e-03 1.529144409850690528e-02 1.349399016303034875e-02 -7.933180192731709461e-04 -2.870121049001284064e-02 -1.404071252405139983e-03 -1.437584530870554718e-02 5.761274656658317388e-03 -1.079740241568236114e-02 -7.611683391395744624e-02 -7.697503581221684654e-02 -8.824113674121540629e-02 -4.797861623925103736e-02 1.287804933609659475e-01 -1.152132257271575311e-01 2.134169728717159875e-01 2.229823842036337822e-01 -1.613637435209554494e-01 -1.646133181184388505e-01 -1.653393498917157256e-01 -1.628666514093908557e-01 -1.410901614940263393e-01 -1.329343396778172037e-01 2.210212415184379942e-01 1.562863949600132307e-01
-9.064104861455458961e-03 2.267905048886854624e-01 2.004329914220204789e-01 1.264266490936279297e+00 -1.258537452373989785e-01 -1.456276382372760636e-01 -1.384198733434200967e-01 -1.460818600526375965e-01 -1.263896305620187122e-01 -1.089606563595292218e-02 1.008558742366064478e-02 5.718253062447818148e-03 -9.513019906241921078e-03 -3.738279909028492665e-02 -7.888680425762756993e-03 -1.716330953622119751e-02 -4.331690800511648742e-04 -1.546077403391777141e-02 -7.770424618462151711e-02 -7.995328386373556917e-02 -8.996059331731319497e-02 -5.614649024381974246e-02 1.259284952935542379e-01 -1.143623279848105384e-01 1.923555618068004958e-01 2.064570724890126552e-01 -1.677460527096497900e-01 -1.688104463600801908e-01 -1.706428557806003721e-01 -1.663352977075943095e-01 -1.499386265485075365e-01 -1.419396288667658379e-01 1.913333375714655060e-01 1.516869752662606541e-01
-3.420148490907087141e-02 -1.861035884265086759e-01 -1.272404885718766143e-01 -1.258537452373989785e-01 9.035908579826354980e-01 1.539158619513208148e-01 1.552913742355468973e-01 1.557948908257152931e-01 1.524241056481587531e-01 -6.098839069645226041e-02 -5.175997047081410535e-02 -5.174518336278835506e-02 -6.013000337991040306e-02 -7.202691717206392841e-02 -2.713888928621378122e-02 -2.719602957209698441e-02 -3.086759796972278480e-02 -3.245723525977631252e-02 4.692853621801799241e-02 4.708134406004585437e-02 4.821622645717579120e-02 -3.477700670260602811e-02 -1.211253671281992544e-01 4.373982848279106550e-02 -1.901922867054031963e-01 -1.757353953965408444e-01 3.707204798201337026e-02 3.277639972261425089e-02 2.633803958044610496e-02 3.021386939348090495e-02 5.906735133691879552e-02 4.248420567337563014e-02 -2.087402734866689591e-01 -1.658793276627124891e-01
-3.378808491521616275e-02 -2.036007435802892895e-01 -1.475715105338775146e-01 -1.456276382372760636e-01 1.539158619513208148e-01 8.716601133346557617e-01 1.762317998711607769e-01 2.097977007073442701e-01 1.618025888630362785e-01 -6.892313432124194672e-02 -6.881297599521939146e-02 -6.852665043462045913e-02 -6.915160275563353443e-02 -6.335181158959622694e-02 -4.207055404042330665e-02 -4.189259222175602954e-02 -4.658945584501997944e-02 -4.431036384894449648e-02 3.453771116493539045e-02 3.935130221908600401e-02 3.593862906489851683e-02 -3.174648393959814130e-02 -1.122130519637385415e-01 5.330158111467114129e-02 -1.940642972329235105e-01 -1.879813193729259757e-01 4.461056929240145297e-02 4.360548300403046390e-02 4.112891391505935773e-02 3.933384310116845584e-02 7.205239231965687718e-02 5.616364143494678718e-02 -2.057155715333138513e-01 -1.562352062698927346e-01
-3.322413520913063134e-02 -1.978322483714977098e-01 -1.471103752654130403e-01 -1.384198733434200967e-01 1.552913742355468973e-01 1.762317998711607769e-01 9.598454833030700684e-01 2.070564768195360950e-01 1.529343370289845960e-01 -6.110652200862035782e-02 -6.600242553601776141e-02 -6.849329501002318632e-02 -7.146368927286365913e-02 -6.907234968404724063e-02 -4.349751327594902212e-02 -3.799432845206460879e-02 -4.993348450221018336e-02 -4.263073247108534192e-02 3.685594297381258183e-02 3.851017535801621455e-02 3.077366705445576042e-02 -4.044669052205312337e-02 -1.222492800472975566e-01 4.904135768034311588e-02 -1.936661909363305289e-01 -1.886811277033985657e-01 2.974059253855640753e-02 3.156187686212932192e-02 2.732140378592346625e-02 2.720012367399439815e-02 6.464072029175302325e-02 4.238906953927264881e-02 -2.117224351883637834e-01 -1.688607476912775129e-01
-3.864854706233868814e-02 -2.023077556759185214e-01 -1.464367506452556311e-01 -1.460818600526375965e-01 1.557948908257152931e-01 2.097977007073442701e-01 2.070564768195360950e-01 8.416772484779357910e-01 1.440164858043762874e-01 -6.660749836831911241e-02 -6.668028828834555999e-02 -6.667056045059821523e-02 -6.691210087390285499e-02 -6.429882222306984585e-02 -4.107696699660525613e-02 -4.044427346229969439e-02 -4.599655108750471538e-02 -4.660314699855479942e-02 3.442074533911414908e-02 3.873069729458832738e-02 3.629522815454772761e-02 -3.027544812950036524e-02 -1.121814513907430783e-01 5.166378473679079930e-02 -1.945571787601768077e-01 -1.864373280907638264e-01 4.510989079392929701e-02 4.144551894339126852e-02 3.720011572749657575e-02 3.878707769661754456e-02 7.812924475425191140e-02 5.702043282984323169e-02 -2.034184376761473678e-01 -1.549635282238411849e-01
-3.111612137798629510e-02 -1.820888852864765428e-01 -1.271570106122829613e-01 -1.263896305620187122e-01 1.524241056481587531e-01 1.618025888630362785e-01 1.529343370289845960e-01 1.440164858043762874e-01 9.093395471572875977e-01 -6.353062103469758748e-02 -5.167235702131356412e-02 -5.176943342530079817e-02 -5.856705307836729962e-02 -7.225057797527473236e-02 -2.729991678692366558e-02 -3.176526416277818121e-02 -3.264354752323556097e-02 -3.443944940835674817e-02 4.473750466194538478e-02 4.574349155340258488e-02 4.737974498628964165e-02 -3.649971472072827822e-02 -1.203092882904646249e-01 4.364154354892711696e-02 -1.901107423936122809e-01 -1.748032314698266254e-01 4.034473695502917984e-02 3.721702190160752072e-02 3.376469903434158731e-02 3.372897621560225906e-02 5.496833916606273102e-02 4.426507543345496731e-02 -2.068552582505837900e-01 -1.646749034765398190e-01
-2.332360847552266553e-03 -3.574083080104936000e-02 -4.968431875203960235e-03 -1.089606563595292218e-02 -6.098839069645226041e-02 -6.892313432124194672e-02 -6.110652200862035782e-02 -6.660749836831911241e-02 -6.353062103469758748e-02 9.976159334182739258e-01 6.660008163702092754e-02 9.863938077710392160e-02 1.165392445741312843e-01 9.698768133908024225e-02 4.281328059855273017e-04 6.432524846712057466e-03 3.585988754910935869e-03 1.116449584901442298e-02 -3.599595642458455758e-02 -3.359925294973999110e-02 -4.511827434912885071e-02 8.361982941253131435e-03 -2.478909167026907903e-02 -4.736437513509045988e-02 -5.761397661822481586e-02 -3.541200472127923465e-02 -7.728670407877839821e-02 -7.849217455383063202e-02 -8.360156074514839275e-02 -8.140561891563150021e-02 -7.171336161227023775e-02 -6.003530761422825462e-02 -7.681104658554881170e-02 -5.339288306357622277e-02
-9.293501628899611877e-04 -2.697445927724483310e-03 1.529144409850690528e-02 1.008558742366064478e-02 -5.175997047081410535e-02 -6.881297599521939146e-02 -6.600242553601776141e-02 -6.668028828834555999e-02 -5.167235702131356412e-02 6.660008163702092754e-02 9.913923740386962891e-01 6.635159465020576408e-02 6.820275118349840293e-02 7.056343053489466666e-02 1.466261785980682575e-02 1.807704752111649257e-02 1.682376561751704885e-02 1.742953873493873623e-02 -2.438517946370675343e-02 -2.247288125177471924e-02 -3.261314223595376816e-02 -5.880111220507897897e-03 -1.601161698516229831e-02 -4.818642377931198206e-02 -3.214695431929240343e-02 -9.750783259801739863e-03 -8.343813439540925803e-02 -8.435378285082198446e-02 -8.607456384322301202e-02 -8.257133703534177971e-02 -7.330188639262903705e-02 -6.698808263722012823e-02 -5.666423768716651044e-02 -4.473473663187160082e-02
-6.009903190465897861e-03 -1.107225439229422848e-02 1.349399016303034875e-02 5.718253062447818148e-03 -5.174518336278835506e-02 -6.852665043462045913e-02 -6.849329501002318632e-02 -6.667056045059821523e-02 -5.176943342530079817e-02 9.863938077710392160e-02 6.635159465020576408e-02 9.613520503044128418e-01 1.193195122545591680e-01 6.553122470364861063e-02 1.281010297204316153e-02 1.155370206804956848e-02 1.295529873136811068e-02 1.109804491651939125e-02 -2.523734036810296871e-02 -2.301887021726784638e-02 -3.119701672578861079e-02 -1.502189599530944766e-03 -1.898847936612376233e-02 -5.230917280136298392e-02 -4.014920675409933137e-02 -1.792290864070386971e-02 -7.729921319076256403e-02 -8.022129936894212276e-02 -8.351967208511865137e-02 -8.042957045470920663e-02 -6.728438105258251201e-02 -6.408900157022796862e-02 -5.603062368353019240e-02 -4.582771449716680628e-02
-2.482372722599945642e-03 -2.899804198293727889e-02 -7.933180192731709461e-04 -9.513019906241921078e-03 -6.013000337991040306e-02 -6.915160275563353443e-02 -7.146368927286365913e-02 -6.691210087390285499e-02 -5.856705307836729962e-02 1.165392445741312843e-01 6.820275118349840293e-02 1.193195122545591680e-01 9.601638913154602051e-01 9.991023106296592626e-02 4.215773539910490364e-03 5.529010114037541564e-03 5.954716418629981030e-03 7.652510510567782885e-03 -3.380018676918708498e-02 -3.060738327654236382e-02 -4.254478116404538518e-02 7.093965250759685405e-03 -1.733947180423643653e-02 -4.720334928990095602e-02 -4.607656900950612977e-02 -2.949382398189469984e-02 -7.132665854004822947e-02 -7.552421721698812651e-02 -7.911519984912249170e-02 -7.641159600640805294e-02 -6.470877542349535994e-02 -5.717415783016108893e-02 -6.473965418960556106e-02 -4.701670592236589785e-02
-4.099592430748920033e-03 -7.291593161561836511e-02 -2.870121049001284064e-02 -3.738279909028492665e-02 -7.202691717206392841e-02 -6.335181158959622694e-02 -6.907234968404724063e-02 -6.429882222306984585e-02 -7.225057797527473236e-02 9.698768133908024225e-02 7.056343053489466666e-02 6.553122470364861063e-02 9.991023106296592626e-02 8.931143879890441895e-01 -4.828650495278721116e-03 -1.278029863865896973e-03 -2.600099673915461877e-03 7.249575061029103068e-03 -4.974804635351107868e-02 -3.882548576941170781e-02 -5.068760052319741527e-02 3.410250465664772107e-02 -6.669593295592766112e-03 -3.427295703487558826e-02 -7.069961364127601289e-02 -6.295121539035315739e-02 -5.308934340207583508e-02 -5.600013562022945063e-02 -5.392162647328069269e-02 -6.163622893118544943e-02 -3.672611706568681272e-02 -2.752164063129097782e-02 -7.911270994647238985e-02 -3.342730729213021224e-02
4.039446961497628399e-03 -2.491995393415213922e-02 -1.404071252405139983e-03 -7.888680425762756993e-03 -2.713888928621378122e-02 -4.207055404042330665e-02 -4.349751327594902212e-02 -4.107696699660525613e-02 -2.729991678692366558e-02 4.281328059855273017e-04 1.466261785980682575e-02 1.281010297204316153e-02 4.215773539910490364e-03 -4.828650495278721116e-03 9.360895752906799316e-01 6.805329742575852436e-02 2.803996916229079678e-02 3.464670400461108968e-02 -4.469441477751925039e-03 -5.468613833448822750e-03 -1.221013576459083032e-02 9.214301120085355984e-03 -2.607924697927129637e-02 -2.474267750092179474e-02 -5.019591428165778857e-02 -2.851933171012871124e-02 -5.189951759460570413e-02 -5.088471340160963946e-02 -5.591264467923696968e-02 -5.383334088250626287e-02 -4.518279660038228285e-02 -4.192190817662839325e-02 -6.520018684865205860e-02 -5.258414149216157629e-02
6.389378260712938462e-03 -4.175160148419388567e-02 -1.437584530870554718e-02 -1.716330953622119751e-02 -2.719602957209698441e-02 -4.189259222175602954e-02 -3.799432845206460879e-02 -4.044427346229969439e-02 -3.176526416277818121e-02 6.432524846712057466e-03 1.807704752111649257e-02 1.155370206804956848e-02 5.529010114037541564e-03 -1.278029863865896973e-03 6.805329742575852436e-02 9.360672235488891602e-01 2.788380061389344328e-02 3.912956181951490059e-02 -8.584902899094311313e-03 -9.499790642892864956e-03 -1.146798584490343366e-02 1.757930207498950917e-02 -3.001975300695477328e-02 -2.385466464719668625e-02 -6.586493787957771462e-02 -4.522531698579802112e-02 -5.685039102066936911e-02 -5.766472825096523314e-02 -6.205311545095845704e-02 -5.823651187948447605e-02 -5.006680355833577345e-02 -4.412705138841210156e-02 -8.831852900789563532e-02 -7.025976836488623256e-02
3.643037159413103389e-03 -1.511436467220166752e-02 5.761274656658317388e-03 -4.331690800511648742e-04 -3.086759796972278480e-02 -4.658945584501997944e-02 -4.993348450221018336e-02 -4.599655108750471538e-02 -3.264354752323556097e-02 3.585988754910935869e-03 1.682376561751704885e-02 1.295529873136811068e-02 5.954716418629981030e-03 -2.600099673915461877e-03 2.803996916229079678e-02 2.788380061389344328e-02 9.404463768005371094e-01 5.982905626332362531e-02 -9.802818748596118723e-03 -6.849066190486028868e-03 -1.524322375642606781e-02 1.018716849859929718e-02 -1.999885338658546549e-02 -2.621092044814009661e-02 -3.863951785419129925e-02 -1.950127845905752499e-02 -5.398580106525452393e-02 -5.178910431844477302e-02 -5.545406553423774809e-02 -5.143613412946645980e-02 -4.471147988158658687e-02 -4.131091520345153700e-02 -5.156797977245468345e-02 -3.962484716235860349e-02
7.724011607979131694e-03 -3.744611943374315938e-02 -1.079740241568236114e-02 -1.546077403391777141e-02 -3.245723525977631252e-02 -4.431036384894449648e-02 -4.263073247108534192e-02 -4.660314699855479942e-02 -3.443944940835674817e-02 1.116449584901442298e-02 1.742953873493873623e-02 1.109804491651939125e-02 7.652510510567782885e-03 7.249575061029103068e-03 3.464670400461108968e-02 3.912956181951490059e-02 5.982905626332362531e-02 9.579384326934814453e-01 -1.082348265597385915e-02 -1.235512541162858691e-02 -1.675298218819002219e-02 1.961142354091704662e-02 -2.973997006289388206e-02 -2.654215696558212892e-02 -6.269600699079901085e-02 -4.159897906044848076e-02 -6.036721296190342839e-02 -5.931248092840523539e-02 -6.450156387077086995e-02 -6.137021329459680513e-02 -5.100849003827033490e-02 -4.592628086949519794e-02 -8.668618591414391228e-02 -6.635469378435536469e-02
-1.201742988142765790e-02 -1.243793917644615693e-01 -7.611683391395744624e-02 -7.770424618462151711e-02 4.692853621801799241e-02 3.453771116493539045e-02 3.685594297381258183e-02 3.442074533911414908e-02 4.473750466194538478e-02 -3.599595642458455758e-02 -2.438517946370675343e-02 -2.523734036810296871e-02 -3.380018676918708498e-02 -4.974804635351107868e-02 -4.469441477751925039e-03 -8.584902899094311313e-03 -9.802818748596118723e-03 -1.082348265597385915e-02 9.234313368797302246e-01 5.888446931168495740e-02 6.395582488885498407e-02 -1.831539279008955259e-02 -8.759752339448957648e-02 3.841838337507893358e-02 -1.401452964149640101e-01 -1.220675171538399550e-01 1.518502228197988503e-02 1.317684460729467294e-02 1.217335755160985425e-02 1.237550486749479720e-02 2.389312569664297711e-02 2.836873233228651495e-02 -1.578890843727352444e-01 -1.270603547104720010e-01
-1.233654550641441298e-02 -1.302159619712400240e-01 -7.697503581221684654e-02 -7.995328386373556917e-02 4.708134406004585437e-02 3.935130221908600401e-02 3.851017535801621455e-02 3.873069729458832738e-02 4.574349155340258488e-02 -3.359925294973999110e-02 -2.247288125177471924e-02 -2.301887021726784638e-02 -3.060738327654236382e-02 -3.882548576941170781e-02 -5.468613833448822750e-03 -9.499790642892864956e-03 -6.849066190486028868e-03 -1.235512541162858691e-02 5.888446931168495740e-02 8.955426216125488281e-01 7.851084882370641671e-02 -1.330229745833916115e-02 -8.112431289282187596e-02 3.843638219264006173e-02 -1.411197489542408978e-01 -1.222029916974990832e-01 2.920797852220569438e-02 3.030174772624209117e-02 2.591742648429984017e-02 2.770894620697766236e-02 3.383676714748275888e-02 3.853082631922458839e-02 -1.468005810479205697e-01 -1.126458049908244385e-01
-1.792314041355693582e-02 -1.372336466372540420e-01 -8.824113674121540629e-02 -8.996059331731319497e-02 4.821622645717579120e-02 3.593862906489851683e-02 3.077366705445576042e-02 3.629522815454772761e-02 4.737974498628964165e-02 -4.511827434912885071e-02 -3.261314223595376816e-02 -3.119701672578861079e-02 -4.254478116404538518e-02 -5.068760052319741527e-02 -1.221013576459083032e-02 -1.146798584490343366e-02 -1.524322375642606781e-02 -1.675298218819002219e-02 6.395582488885498407e-02 7.851084882370641671e-02 8.797011971473693848e-01 -1.695303361527507671e-02 -8.988753851402610240e-02 3.970733512076557448e-02 -1.491232496514136308e-01 -1.330176189749653626e-01 1.609619255476726213e-02 1.362734977940522133e-02 8.893990209384920048e-03 9.484455557621644314e-03 3.211446638737375930e-02 4.314749984636771091e-02 -1.671864868215280076e-01 -1.301964003424410932e-01
1.084973672590515935e-02 -9.741863315999373107e-02 -4.797861623925103736e-02 -5.614649024381974246e-02 -3.477700670260602811e-02 -3.174648393959814130e-02 -4.044669052205312337e-02 -3.027544812950036524e-02 -3.649971472072827822e-02 8.361982941253131435e-03 -5.880111220507897897e-03 -1.502189599530944766e-03 7.093965250759685405e-03 3.410250465664772107e-02 9.214301120085355984e-03 1.757930207498950917e-02 1.018716849859929718e-02 1.961142354091704662e-02 -1.831539279008955259e-02 -1.330229745833916115e-02 -1.695303361527507671e-02 8.086529970169067383e-01 -1.723308806467813495e-02 2.461201721052497758e-03 -8.538810562908714930e-02 -8.110071179429802213e-02 -2.333619539696464920e-02 -2.384406269468919773e-02 -1.887384782403699057e-02 -3.705360879603141616e-02 -6.036440768262111602e-03 1.047721732453073176e-03 -9.797597402872605665e-02 -5.494166873275609791e-02
-1.050622369709221758e-02 1.194866403478658939e-01 1.287804933609659475e-01 1.259284952935542379e-01 -1.211253671281992544e-01 -1.122130519637385415e-01 -1.222492800472975566e-01 -1.121814513907430783e-01 -1.203092882904646249e-01 -2.478909167026907903e-02 -1.601161698516229831e-02 -1.898847936612376233e-02 -1.733947180423643653e-02 -6.669593295592766112e-03 -2.607924697927129637e-02 -3.001975300695477328e-02 -1.999885338658546549e-02 -2.973997006289388206e-02 -8.759752339448957648e-02 -8.112431289282187596e-02 -8.988753851402610240e-02 -1.723308806467813495e-02 9.889101982116699219e-01 -8.126500563671579247e-02 1.133127015761613565e-01 1.223512998351366649e-01 -1.073429149555207990e-01 -1.094989388776578393e-01 -1.045539922145512085e-01 -1.116444138239395117e-01 -8.467426510788166050e-02 -7.955015140727178524e-02 1.361090715100041204e-01 1.488776101596504253e-01
-1.725247751935767015e-02 -1.651804861561412541e-01 -1.152132257271575311e-01 -1.143623279848105384e-01 4.373982848279106550e-02 5.330158111467114129e-02 4.904135768034311588e-02 5.166378473679079930e-02 4.364154354892711696e-02 -4.736437513509045988e-02 -4.818642377931198206e-02 -5.230917280136298392e-02 -4.720334928990095602e-02 -3.427295703487558826e-02 -2.474267750092179474e-02 -2.385466464719668625e-02 -2.621092044814009661e-02 -2.654215696558212892e-02 3.841838337507893358e-02 3.843638219264006173e-02 3.970733512076557448e-02 2.461201721052497758e-03 -8.126500563671579247e-02 8.655312657356262207e-01 -1.537851685505164101e-01 -1.488955560005594259e-01 4.061748062643831536e-02 3.882884978682195343e-02 3.473086734964166838e-02 3.178262063843222823e-02 6.370488110979728724e-02 5.395500176412251769e-02 -1.673236566180552887e-01 -1.214407768708174878e-01
-5.857478766957826405e-02 5.077990108199513797e-01 2.134169728717159875e-01 1.923555618068004958e-01 -1.901922867054031963e-01 -1.940642972329235105e-01 -1.936661909363305289e-01 -1.945571787601768077e-01 -1.901107423936122809e-01 -5.761397661822481586e-02 -3.214695431929240343e-02 -4.014920675409933137e-02 -4.607656900950612977e-02 -7.069961364127601289e-02 -5.019591428165778857e-02 -6.586493787957771462e-02 -3.863951785419129925e-02 -6.269600699079901085e-02 -1.401452964149640101e-01 -1.411197489542408978e-01 -1.491232496514136308e-01 -8.538810562908714930e-02 1.133127015761613565e-01 -1.537851685505164101e-01 1.558166861534118652e+00 4.295637266743800864e-01 -2.005486262094569594e-01 -2.033952603908405488e-01 -1.989997478311358592e-01 -2.055004863256665593e-01 -1.798274047161934897e-01 -1.740023834195793262e-01 3.880053707729929080e-01 1.978441151415747945e-01
-4.010373292032735210e-02 4.406960814229952672e-01 2.229823842036337822e-01 2.064570724890126552e-01 -1.757353953965408444e-01 -1.879813193729259757e-01 -1.886811277033985657e-01 -1.864373280907638264e-01 -1.748032314698266254e-01 -3.541200472127923465e-02 -9.750783259801739863e-03 -1.792290864070386971e-02 -2.949382398189469984e-02 -6.295121539035315739e-02 -2.851933171012871124e-02 -4.522531698579802112e-02 -1.950127845905752499e-02 -4.159897906044848076e-02 -1.220675171538399550e-01 -1.222029916974990832e-01 -1.330176189749653626e-01 -8.110071179429802213e-02 1.223512998351366649e-01 -1.488955560005594259e-01 4.295637266743800864e-01 1.449147701263427734e+00 -2.022329923756002179e-01 -2.041803213987531396e-01 -2.071777403762613823e-01 -2.052828847270430912e-01 -1.808690713828601526e-01 -1.725042036973465087e-01 3.712438494106877207e-01 2.111795039690107789e-01
-5.480053230940060138e-02 -2.251938150818171280e-01 -1.613637435209554494e-01 -1.677460527096497900e-01 3.707204798201337026e-02 4.461056929240145297e-02 2.974059253855640753e-02 4.510989079392929701e-02 4.034473695502917984e-02 -7.728670407877839821e-02 -8.343813439540925803e-02 -7.729921319076256403e-02 -7.132665854004822947e-02 -5.308934340207583508e-02 -5.189951759460570413e-02 -5.685039102066936911e-02 -5.398580106525452393e-02 -6.036721296190342839e-02 1.518502228197988503e-02 2.920797852220569438e-02 1.609619255476726213e-02 -2.333619539696464920e-02 -1.073429149555207990e-01 4.061748062643831536e-02 -2.005486262094569594e-01 -2.022329923756002179e-01 7.440906167030334473e-01 2.599854367183295212e-01 2.673442380474077562e-01 2.704393194831173908e-01 9.321551855666171393e-02 9.506487388378194459e-02 -1.652613947481066103e-01 -1.100381683534432664e-01
-5.542611372815772763e-02 -2.264592948595695043e-01 -1.646133181184388505e-01 -1.688104463600801908e-01 3.277639972261425089e-02 4.360548300403046390e-02 3.156187686212932192e-02 4.144551894339126852e-02 3.721702190160752072e-02 -7.849217455383063202e-02 -8.435378285082198446e-02 -8.022129936894212276e-02 -7.552421721698812651e-02 -5.600013562022945063e-02 -5.088471340160963946e-02 -5.766472825096523314e-02 -5.178910431844477302e-02 -5.931248092840523539e-02 1.317684460729467294e-02 3.030174772624209117e-02 1.362734977940522133e-02 -2.384406269468919773e-02 -1.094989388776578393e-01 3.882884978682195343e-02 -2.033952603908405488e-01 -2.041803213987531396e-01 2.599854367183295212e-01 7.517686486244201660e-01 2.985781861218124167e-01 2.959954418888507410e-01 9.336029050276961616e-02 9.084405845655701972e-02 -1.620536717058058129e-01 -1.111064226773976205e-01
-5.375778624344678541e-02 -2.277426277690896006e-01 -1.653393498917157256e-01 -1.706428557806003721e-01 2.633803958044610496e-02 4.112891391505935773e-02 2.732140378592346625e-02 3.720011572749657575e-02 3.376469903434158731e-02 -8.360156074514839275e-02 -8.607456384322301202e-02 -8.351967208511865137e-02 -7.911519984912249170e-02 -5.392162647328069269e-02 -5.591264467923696968e-02 -6.205311545095845704e-02 -5.545406553423774809e-02 -6.450156387077086995e-02 1.217335755160985425e-02 2.591742648429984017e-02 8.893990209384920048e-03 -1.887384782403699057e-02 -1.045539922145512085e-01 3.473086734964166838e-02 -1.989997478311358592e-01 -2.071777403762613823e-01 2.673442380474077562e-01 2.985781861218124167e-01 7.526022195816040039e-01 2.594304797989430145e-01 1.027217748343949855e-01 9.810191939708332032e-02 -1.589969983428903277e-01 -1.025679173924468057e-01
-5.565448945340809722e-02 -2.251342693248231663e-01 -1.628666514093908557e-01 -1.663352977075943095e-01 3.021386939348090495e-02 3.933384310116845584e-02 2.720012367399439815e-02 3.878707769661754456e-02 3.372897621560225906e-02 -8.140561891563150021e-02 -8.257133703534177971e-02 -8.042957045470920663e-02 -7.641159600640805294e-02 -6.163622893118544943e-02 -5.383334088250626287e-02 -5.823651187948447605e-02 -5.143613412946645980e-02 -6.137021329459680513e-02 1.237550486749479720e-02 2.770894620697766236e-02 9.484455557621644314e-03 -3.705360879603141616e-02 -1.116444138239395117e-01 3.178262063843222823e-02 -2.055004863256665593e-01 -2.052828847270430912e-01 2.704393194831173908e-01 2.959954418888507410e-01 2.594304797989430145e-01 8.320913910865783691e-01 8.107194547219150060e-02 7.836094476442342915e-02 -1.647318136450903470e-01 -1.143140397663941488e-01
-4.346896879357329407e-02 -2.018066892559111369e-01 -1.410901614940263393e-01 -1.499386265485075365e-01 5.906735133691879552e-02 7.205239231965687718e-02 6.464072029175302325e-02 7.812924475425191140e-02 5.496833916606273102e-02 -7.171336161227023775e-02 -7.330188639262903705e-02 -6.728438105258251201e-02 -6.470877542349535994e-02 -3.672611706568681272e-02 -4.518279660038228285e-02 -5.006680355833577345e-02 -4.471147988158658687e-02 -5.100849003827033490e-02 2.389312569664297711e-02 3.383676714748275888e-02 3.211446638737375930e-02 -6.036440768262111602e-03 -8.467426510788166050e-02 6.370488110979728724e-02 -1.798274047161934897e-01 -1.808690713828601526e-01 9.321551855666171393e-02 9.336029050276961616e-02 1.027217748343949855e-01 8.107194547219150060e-02 7.085282206535339355e-01 1.305790639449381785e-01 -1.331164601636766753e-01 -7.720943100956546845e-02
-3.775871148067623528e-02 -1.934030029285493391e-01 -1.329343396778172037e-01 -1.419396288667658379e-01 4.248420567337563014e-02 5.616364143494678718e-02 4.238906953927264881e-02 5.702043282984323169e-02 4.426507543345496731e-02 -6.003530761422825462e-02 -6.698808263722012823e-02 -6.408900157022796862e-02 -5.717415783016108893e-02 -2.752164063129097782e-02 -4.192190817662839325e-02 -4.412705138841210156e-02 -4.131091520345153700e-02 -4.592628086949519794e-02 2.836873233228651495e-02 3.853082631922458839e-02 4.314749984636771091e-02 1.047721732453073176e-03 -7.955015140727178524e-02 5.395500176412251769e-02 -1.740023834195793262e-01 -1.725042036973465087e-01 9.506487388378194459e-02 9.084405845655701972e-02 9.810191939708332032e-02 7.836094476442342915e-02 1.305790639449381785e-01 6.860004663467407227e-01 -1.277525079147118214e-01 -7.673472047399269858e-02
-8.753958680330405084e-02 3.883132710751717731e-01 2.210212415184379942e-01 1.913333375714655060e-01 -2.087402734866689591e-01 -2.057155715333138513e-01 -2.117224351883637834e-01 -2.034184376761473678e-01 -2.068552582505837900e-01 -7.681104658554881170e-02 -5.666423768716651044e-02 -5.603062368353019240e-02 -6.473965418960556106e-02 -7.911270994647238985e-02 -6.520018684865205860e-02 -8.831852900789563532e-02 -5.156797977245468345e-02 -8.668618591414391228e-02 -1.578890843727352444e-01 -1.468005810479205697e-01 -1.671864868215280076e-01 -9.797597402872605665e-02 1.361090715100041204e-01 -1.673236566180552887e-01 3.880053707729929080e-01 3.712438494106877207e-01 -1.652613947481066103e-01 -1.620536717058058129e-01 -1.589969983428903277e-01 -1.647318136450903470e-01 -1.331164601636766753e-01 -1.277525079147118214e-01 1.468078374862670898e+00 4.462542328345051601e-01
-4.640979546244378834e-02 2.006789487736964639e-01 1.562863949600132307e-01 1.516869752662606541e-01 -1.658793276627124891e-01 -1.562352062698927346e-01 -1.688607476912775129e-01 -1.549635282238411849e-01 -1.646749034765398190e-01 -5.339288306357622277e-02 -4.473473663187160082e-02 -4.582771449716680628e-02 -4.701670592236589785e-02 -3.342730729213021224e-02 -5.258414149216157629e-02 -7.025976836488623256e-02 -3.962484716235860349e-02 -6.635469378435536469e-02 -1.270603547104720010e-01 -1.126458049908244385e-01 -1.301964003424410932e-01 -5.494166873275609791e-02 1.488776101596504253e-01 -1.214407768708174878e-01 1.978441151415747945e-01 2.111795039690107789e-01 -1.100381683534432664e-01 -1.111064226773976205e-01 -1.025679173924468057e-01 -1.143140397663941488e-01 -7.720943100956546845e-02 -7.673472047399269858e-02 4.462542328345051601e-01 1.086714506149291992e+00
