0.95293976394812	-0.03199932793429	-0.00414786011959	-0.00723592174232	-0.02408622670874	-0.01239744702543	-0.02408582893104	-0.03328047449586	-0.01345290345406	0.00799273286945	0.00511938773830	-0.00200475695036	0.00397049363416	-0.00148964282985	0.00566810938065	0.00536623213540	0.00350658032677	0.00234221652641	-0.00149311463253	-0.00451831875459	-0.01340677341862	0.02257184441495	-0.01698181159066	-0.01950268306736	-0.03942738391256	-0.03232174704872	-0.04530040512278	-0.04479553999312	-0.05015951534896	-0.05754110845738	-0.04886380322363	-0.03457958193792	-0.09839446045369	-0.05420351414023
-0.03199932793429	1.66549278128238	0.30452558012548	0.25961370233422	-0.19829274788597	-0.20279361059272	-0.20010864364106	-0.20400887826821	-0.19360197474381	-0.01999850890191	0.03097910933256	0.00798026781544	0.00011577746402	-0.04205175065047	0.01377397905403	-0.03168604755940	0.00263932399094	-0.01906509716361	-0.11718110308527	-0.13662161918186	-0.14979401934583	-0.06939600396102	0.16419266260243	-0.15351754326263	0.44551335338090	0.48660456831931	-0.25509205777252	-0.26054365787144	-0.21198271365306	-0.26712072530232	-0.25184370772191	-0.19446658108872	0.54250288737897	0.27708732951086
-0.00414786011959	0.30452558012548	1.38040974551606	0.19532922289890	-0.14100305116597	-0.14195977957726	-0.14552912810767	-0.14776549923731	-0.13618887764215	0.00295133391258	0.03077561357128	0.01925025253201	0.01005166775035	-0.01351759002180	0.01730502626047	-0.01140786440918	0.00829214785049	-0.00135074345138	-0.07517849827459	-0.08951228753151	-0.10109297620062	-0.03645577754401	0.14984210985704	-0.11166797733063	0.26848071911453	0.30354655992760	-0.18456087745668	-0.19175755264563	-0.15948756946335	-0.19577492874421	-0.18377801848650	-0.13538612978736	0.34783837535771	0.21744908835198
-0.00723592174232	0.25961370233422	0.19532922289890	1.30090239952269	-0.12647913229001	-0.13124128623316	-0.12880564471549	-0.13591653792740	-0.12463682896689	-0.00254557428318	0.02670979789127	0.01534910565450	0.00666711435599	-0.00864859116396	0.01267528053718	-0.01542792550718	0.00572633206089	-0.00601427491004	-0.07263992974954	-0.08259192983422	-0.09461381078952	-0.03264302356701	0.14033588867888	-0.10208436809653	0.23036996312779	0.25428318901201	-0.17539283226030	-0.18088455108076	-0.15027412890257	-0.18495289143143	-0.17394164182369	-0.13052013151277	0.25706099240631	0.16500494088601
-0.02408622670874	-0.19829274788597	-0.14100305116597	-0.12647913229001	0.89031000314649	0.10866823021983	0.13547309697957	0.13490894267897	0.12419863219026	-0.04518388467162	-0.04422804111274	-0.03021418283019	-0.04209099263751	-0.06020674666036	-0.02339665878428	-0.01095005780116	-0.02153903493157	-0.01716610848986	0.04713307654321	0.05481807661595	0.06196132376649	-0.02621535616073	-0.12517635352221	0.05051348472871	-0.19784108349318	-0.20496216468477	0.06768743918060	0.06985879801128	0.07501460574743	0.06505006754752	0.05844014692642	0.05298613986656	-0.25400524793792	-0.17592895541045
-0.01239744702543	-0.20279361059272	-0.14195977957726	-0.13124128623316	0.10866823021983	0.83613693969378	0.12685712663060	0.13575272657937	0.14437779710779	-0.04361146945379	-0.05223454297584	-0.03727468004386	-0.04924927822020	-0.05203987138500	-0.03617043293410	-0.01962944629410	-0.02901600335965	-0.02550872844402	0.03977925481204	0.04715014851233	0.04995090124411	-0.01901359712932	-0.11304311916679	0.04131652758843	-0.18866162451241	-0.20499588649159	0.05411826794539	0.06458787016380	0.07425214709033	0.05534928031137	0.04824790941034	0.04437913169254	-0.24757657594002	-0.16370440266195
-0.02408582893104	-0.20010864364106	-0.14552912810767	-0.12880564471549	0.13547309697957	0.12685712663060	0.90771803610678	0.14283075036524	0.13697594980870	-0.04495129431341	-0.04994122063394	-0.04579112479062	-0.05283340946852	-0.05711624535136	-0.03256196621481	-0.01915268943505	-0.02961484752808	-0.02869977009424	0.03456460439011	0.04809092928532	0.04559670079610	-0.02949663246276	-0.11603544650595	0.03709343142066	-0.18460372379668	-0.20692835546428	0.04100199096665	0.04178844211292	0.05822164926359	0.04534774472712	0.03884679489894	0.03889180872147	-0.25350302518865	-0.17406267989293
-0.03328047449586	-0.20400887826821	-0.14776549923731	-0.13591653792740	0.13490894267897	0.13575272657937	0.14283075036524	0.82507051421465	0.11152884443535	-0.04641306238947	-0.05091109194490	-0.03734530587903	-0.04615248147038	-0.05650003088054	-0.03355578333695	-0.02102836346529	-0.02814641667567	-0.02826870693285	0.03819980948234	0.05228110326062	0.05323591990361	-0.02783600598271	-0.11361880902047	0.05546333697622	-0.19071337808533	-0.20617309739520	0.05170551488085	0.05658278487637	0.10637221679008	0.05775538074696	0.05281963337171	0.04777575540744	-0.25043757169740	-0.16775454265372
-0.01345290345406	-0.19360197474381	-0.13618887764215	-0.12463682896689	0.12419863219026	0.14437779710779	0.13697594980870	0.11152884443535	0.87325282035062	-0.04120316500507	-0.03905900929780	-0.02997960967195	-0.03903784184203	-0.05656262404170	-0.02357159370136	-0.01321723640717	-0.01874774768529	-0.01636937499318	0.04518205814140	0.05156979150864	0.06103233426081	-0.02364433628211	-0.11916364333973	0.04075676101932	-0.19129458811922	-0.20162170880361	0.06379108491544	0.06649883478737	0.05328761070884	0.06420173761635	0.05653721497686	0.05063828545021	-0.25197192202544	-0.17183756018945
0.00799273286945	-0.01999850890191	0.00295133391258	-0.00254557428318	-0.04518388467162	-0.04361146945379	-0.04495129431341	-0.04641306238947	-0.04120316500507	0.97181254217031	0.03750895892778	0.05198170248593	0.05583948043284	0.08457687299065	0.00105314047710	0.00100723273292	0.00551794170599	0.00301244098846	-0.02148304569190	-0.01801408935081	-0.02939377445765	0.01519428996779	-0.02507986726629	-0.03472454349408	-0.04318694730007	-0.02306629020445	-0.06232267232834	-0.07067461570454	-0.06225229003053	-0.06303573349037	-0.06533360998095	-0.05105893130090	-0.09443712443292	-0.05290098296875
0.00511938773830	0.03097910933256	0.03077561357128	0.02670979789127	-0.04422804111274	-0.05223454297584	-0.04994122063394	-0.05091109194490	-0.03905900929780	0.03750895892778	1.00476003896829	0.02381392758355	0.04002992781942	0.03925193959650	0.01344333649466	0.00502028122331	0.01236104224867	0.01276886890143	-0.01706615669726	-0.01840671825741	-0.03022361584403	0.00021608443904	0.00175416791263	-0.03457129760863	0.01327644947269	0.02200362506988	-0.07329220398586	-0.07188114850662	-0.06383808762643	-0.07235157339424	-0.06688028329955	-0.05527648293472	-0.01543021069943	-0.01494484479461
-0.00200475695036	0.00798026781544	0.01925025253201	0.01534910565450	-0.03021418283019	-0.03727468004386	-0.04579112479062	-0.03734530587903	-0.02997960967195	0.05198170248593	0.02381392758355	0.96036304815415	0.04984060317256	0.02619949173103	0.00825977919815	0.00351937542465	0.00994655702463	0.01009420966865	-0.01278832043354	-0.01101374789519	-0.02066222736479	0.00141911694647	-0.00567277870221	-0.02978088927246	-0.01698763720733	0.00121252229909	-0.05016370419160	-0.05745353648073	-0.04275610535180	-0.05613019504161	-0.05602932998390	-0.03734347934881	-0.03734611361128	-0.02609067314896
0.00397049363416	0.00011577746402	0.01005166775035	0.00666711435599	-0.04209099263751	-0.04924927822020	-0.05283340946852	-0.04615248147038	-0.03903784184203	0.05583948043284	0.04002992781942	0.04984060317256	0.96118052903371	0.06856180731480	0.00886345910534	0.00276313863980	0.00482231781912	0.00496038320896	-0.01577267801250	-0.01682238898885	-0.02571952626723	-0.00228253515884	-0.01333852613169	-0.03133348257844	-0.01426859329020	-0.00495848311016	-0.05746250677359	-0.06245429209599	-0.06519733459072	-0.06264606559221	-0.05679831138336	-0.04269332547866	-0.04782304630431	-0.03592476056056
-0.00148964282985	-0.04205175065047	-0.01351759002180	-0.00864859116396	-0.06020674666036	-0.05203987138500	-0.05711624535136	-0.05650003088054	-0.05656262404170	0.08457687299065	0.03925193959650	0.02619949173103	0.06856180731480	0.89219919944501	-0.00056731819341	-0.00118626973245	0.00677117939316	0.00831425241774	-0.02896281074069	-0.02719786909029	-0.03908049335214	0.03237955875966	-0.00317321268579	-0.01570629277166	-0.03860291252502	-0.03581604954082	-0.05966779847679	-0.07606081790367	-0.04133220733563	-0.07398699172778	-0.06386468596539	-0.04467156729866	-0.11865273442452	-0.04708078501249
0.00566810938065	0.01377397905403	0.01730502626047	0.01267528053718	-0.02339665878428	-0.03617043293410	-0.03256196621481	-0.03355578333695	-0.02357159370136	0.00105314047710	0.01344333649466	0.00825977919815	0.00886345910534	-0.00056731819341	0.98461305669740	0.03041413918180	0.01288521887644	0.01675942037426	-0.00693740531267	-0.00912655150348	-0.01430448460902	0.00243992295525	0.00142476130538	-0.02243568267549	-0.00231158257040	0.01011623559363	-0.05043735900810	-0.05498574397222	-0.04081309932921	-0.05653385416125	-0.04570485167990	-0.03728326879485	-0.01949415520071	-0.01331702584152
0.00536623213540	-0.03168604755940	-0.01140786440918	-0.01542792550718	-0.01095005780116	-0.01962944629410	-0.01915268943505	-0.02102836346529	-0.01321723640717	0.00100723273292	0.00502028122331	0.00351937542465	0.00276313863980	-0.00118626973245	0.03041413918180	0.92579567817173	0.01561247710586	0.02089655292671	0.00105158779957	0.00123864396440	0.00194443249195	0.00816943698399	-0.02089329358501	-0.00920029258741	-0.04864920215861	-0.03364899726251	-0.03961441654812	-0.03940956915448	-0.03453919532528	-0.04363764972028	-0.03694472750702	-0.02910394673078	-0.08827031192525	-0.05904692838339
0.00350658032677	0.00263932399094	0.00829214785049	0.00572633206089	-0.02153903493157	-0.02901600335965	-0.02961484752808	-0.02814641667567	-0.01874774768529	0.00551794170599	0.01236104224867	0.00994655702463	0.00482231781912	0.00677117939316	0.01288521887644	0.01561247710586	0.96454255703127	0.02650593682394	-0.00523809647414	-0.00332597073546	-0.01042276186566	0.01103714371783	-0.00648410921956	-0.02194879466215	-0.01482690370883	-0.00045157522259	-0.03573387597571	-0.03501736875999	-0.03281428106991	-0.04113197903397	-0.03663524022655	-0.02530124881738	-0.02774731982262	-0.02485021762174
0.00234221652641	-0.01906509716361	-0.00135074345138	-0.00601427491004	-0.01716610848986	-0.02550872844402	-0.02869977009424	-0.02826870693285	-0.01636937499318	0.00301244098846	0.01276886890143	0.01009420966865	0.00496038320896	0.00831425241774	0.01675942037426	0.02089655292671	0.02650593682394	0.96298191966427	-0.00144562053417	-0.00430798974081	-0.00648915500929	0.00979825596238	-0.01800552089460	-0.01633367546003	-0.04129531142519	-0.02481317558888	-0.04479165963114	-0.04928759882421	-0.03936526159030	-0.05290701457743	-0.05495270001107	-0.02769333570723	-0.07767153343073	-0.05477712986737
-0.00149311463253	-0.11718110308527	-0.07517849827459	-0.07263992974954	0.04713307654321	0.03977925481204	0.03456460439011	0.03819980948234	0.04518205814140	-0.02148304569190	-0.01706615669726	-0.01278832043354	-0.01577267801250	-0.02896281074069	-0.00693740531267	0.00105158779957	-0.00523809647414	-0.00144562053417	0.91454695212533	0.04140605598190	0.04922736391652	-0.01012668537596	-0.07815234112791	0.03462018367523	-0.12543119101850	-0.12138830844013	0.02753951547949	0.03006698884820	0.02820245868178	0.02705838915426	0.01904775121496	0.02861243150755	-0.17213243522815	-0.11744927831112
-0.00451831875459	-0.13662161918186	-0.08951228753151	-0.08259192983422	0.05481807661595	0.04715014851233	0.04809092928532	0.05228110326062	0.05156979150864	-0.01801408935081	-0.01840671825741	-0.01101374789519	-0.01682238898885	-0.02719786909029	-0.00912655150348	0.00123864396440	-0.00332597073546	-0.00430798974081	0.04140605598190	0.89956412183063	0.05365251491618	-0.00055791999780	-0.07776893213997	0.03588717462759	-0.14181333244318	-0.14043421283009	0.05225955426298	0.06136651217089	0.04288634101543	0.05458528736889	0.04987866400339	0.03706898432840	-0.18012846498465	-0.12162592784488
-0.01340677341862	-0.14979401934583	-0.10109297620062	-0.09461381078952	0.06196132376649	0.04995090124411	0.04559670079610	0.05323591990361	0.06103233426081	-0.02939377445765	-0.03022361584403	-0.02066222736479	-0.02571952626723	-0.03908049335214	-0.01430448460902	0.00194443249195	-0.01042276186566	-0.00648915500929	0.04922736391652	0.05365251491618	0.86370724844608	-0.01296277842328	-0.09740505744624	0.04584754022068	-0.15349054308702	-0.15387663098595	0.03434905758834	0.04455460036233	0.03298813224572	0.03320734225533	0.03646147631830	0.03871658358904	-0.20492964432894	-0.14818547130130
0.02257184441495	-0.06939600396102	-0.03645577754401	-0.03264302356701	-0.02621535616073	-0.01901359712932	-0.02949663246276	-0.02783600598271	-0.02364433628211	0.01519428996779	0.00021608443904	0.00141911694647	-0.00228253515884	0.03237955875966	0.00243992295525	0.00816943698399	0.01103714371783	0.00979825596238	-0.01012668537596	-0.00055791999780	-0.01296277842328	0.78476519952399	-0.01057676576115	-0.01152445081838	-0.06535131514722	-0.06881728612614	-0.03992758936068	-0.03499470354944	-0.00340763667739	-0.05190296279762	-0.02982534498853	-0.00206793739172	-0.13156390829539	-0.05441519275690
-0.01698181159066	0.16419266260243	0.14984210985704	0.14033588867888	-0.12517635352221	-0.11304311916679	-0.11603544650595	-0.11361880902047	-0.11916364333973	-0.02507986726629	0.00175416791263	-0.00567277870221	-0.01333852613169	-0.00317321268579	0.00142476130538	-0.02089329358501	-0.00648410921956	-0.01800552089460	-0.07815234112791	-0.07776893213997	-0.09740505744624	-0.01057676576115	1.03850339099233	-0.07804816396208	0.12987951459821	0.15993834088581	-0.12686633234290	-0.13788387333252	-0.11019500653589	-0.13571670740343	-0.11837690400757	-0.09278299431201	0.14274622666457	0.14033059580019
-0.01950268306736	-0.15351754326263	-0.11166797733063	-0.10208436809653	0.05051348472871	0.04131652758843	0.03709343142066	0.05546333697622	0.04075676101932	-0.03472454349408	-0.03457129760863	-0.02978088927246	-0.03133348257844	-0.01570629277166	-0.02243568267549	-0.00920029258741	-0.02194879466215	-0.01633367546003	0.03462018367523	0.03588717462759	0.04584754022068	-0.01152445081838	-0.07804816396208	0.85648206100998	-0.15390993066134	-0.15766764722386	0.02749788276735	0.03562487677009	0.06543095186481	0.01299962258203	0.02506529764357	0.04933092817999	-0.20088515440399	-0.13237189220348
-0.03942738391256	0.44551335338090	0.26848071911453	0.23036996312779	-0.19784108349318	-0.18866162451241	-0.18460372379668	-0.19071337808533	-0.19129458811922	-0.04318694730007	0.01327644947269	-0.01698763720733	-0.01426859329020	-0.03860291252502	-0.00231158257040	-0.04864920215861	-0.01482690370883	-0.04129531142519	-0.12543119101850	-0.14181333244318	-0.15349054308702	-0.06535131514722	0.12987951459821	-0.15390993066134	1.62618792188961	0.45268390512875	-0.24495463645782	-0.24627811590144	-0.20463116493727	-0.25008775462968	-0.23476022740025	-0.18518847324024	0.46632748514617	0.19768570665580
-0.03232174704872	0.48660456831931	0.30354655992760	0.25428318901201	-0.20496216468477	-0.20499588649159	-0.20692835546428	-0.20617309739520	-0.20162170880361	-0.02306629020445	0.02200362506988	0.00121252229909	-0.00495848311016	-0.03581604954082	0.01011623559363	-0.03364899726251	-0.00045157522259	-0.02481317558888	-0.12138830844013	-0.14043421283009	-0.15387663098595	-0.06881728612614	0.15993834088581	-0.15766764722386	0.45268390512875	1.63939501868436	-0.25080078332007	-0.25461891338435	-0.21122579952991	-0.26063310102683	-0.24325356045130	-0.19035705045211	0.54952354999803	0.26634577317852
-0.04530040512278	-0.25509205777252	-0.18456087745668	-0.17539283226030	0.06768743918060	0.05411826794539	0.04100199096665	0.05170551488085	0.06379108491544	-0.06232267232834	-0.07329220398586	-0.05016370419160	-0.05746250677359	-0.05966779847679	-0.05043735900810	-0.03961441654812	-0.03573387597571	-0.04479165963114	0.02753951547949	0.05225955426298	0.03434905758834	-0.03992758936068	-0.12686633234290	0.02749788276735	-0.24495463645782	-0.25080078332007	0.74180776047071	0.24742878123253	0.07857845845136	0.25573858452708	0.27774436084366	0.09587069088238	-0.22936371545276	-0.14186163402010
-0.04479553999312	-0.26054365787144	-0.19175755264563	-0.18088455108076	0.06985879801128	0.06458787016380	0.04178844211292	0.05658278487637	0.06649883478737	-0.07067461570454	-0.07188114850662	-0.05745353648073	-0.06245429209599	-0.07606081790367	-0.05498574397222	-0.03940956915448	-0.03501736875999	-0.04928759882421	0.03006698884820	0.06136651217089	0.04455460036233	-0.03499470354944	-0.13788387333252	0.03562487677009	-0.24627811590144	-0.25461891338435	0.24742878123253	0.74247742600005	0.09313097673160	0.32040801535363	0.25526602462858	0.08902785924554	-0.22936995000925	-0.15132655126156
-0.05015951534896	-0.21198271365306	-0.15948756946335	-0.15027412890257	0.07501460574743	0.07425214709033	0.05822164926359	0.10637221679008	0.05328761070884	-0.06225229003053	-0.06383808762643	-0.04275610535180	-0.06519733459072	-0.04133220733563	-0.04081309932921	-0.03453919532528	-0.03281428106991	-0.03936526159030	0.02820245868178	0.04288634101543	0.03298813224572	-0.00340763667739	-0.11019500653589	0.06543095186481	-0.20463116493727	-0.21122579952991	0.07857845845136	0.09313097673160	0.75650628542482	0.07628259114402	0.07821126093385	0.12101317160461	-0.19572191877828	-0.10455404801959
-0.05754110845738	-0.26712072530232	-0.19577492874421	-0.18495289143143	0.06505006754752	0.05534928031137	0.04534774472712	0.05775538074696	0.06420173761635	-0.06303573349037	-0.07235157339424	-0.05613019504161	-0.06264606559221	-0.07398699172778	-0.05653385416125	-0.04363764972028	-0.04113197903397	-0.05290701457743	0.02705838915426	0.05458528736889	0.03320734225533	-0.05190296279762	-0.13571670740343	0.01299962258203	-0.25008775462968	-0.26063310102683	0.25573858452708	0.32040801535363	0.07628259114402	0.85114508545190	0.26023154038746	0.07542175962823	-0.24687526951468	-0.16132880933999
-0.04886380322363	-0.25184370772191	-0.18377801848650	-0.17394164182369	0.05844014692642	0.04824790941034	0.03884679489894	0.05281963337171	0.05653721497686	-0.06533360998095	-0.06688028329955	-0.05602932998390	-0.05679831138336	-0.06386468596539	-0.04570485167990	-0.03694472750702	-0.03663524022655	-0.05495270001107	0.01904775121496	0.04987866400339	0.03646147631830	-0.02982534498853	-0.11837690400757	0.02506529764357	-0.23476022740025	-0.24325356045130	0.27774436084366	0.25526602462858	0.07821126093385	0.26023154038746	0.67852239070724	0.08181934002284	-0.21257028813003	-0.12756878339384
-0.03457958193792	-0.19446658108872	-0.13538612978736	-0.13052013151277	0.05298613986656	0.04437913169254	0.03889180872147	0.04777575540744	0.05063828545021	-0.05105893130090	-0.05527648293472	-0.03734347934881	-0.04269332547866	-0.04467156729866	-0.03728326879485	-0.02910394673078	-0.02530124881738	-0.02769333570723	0.02861243150755	0.03706898432840	0.03871658358904	-0.00206793739172	-0.09278299431201	0.04933092817999	-0.18518847324024	-0.19035705045211	0.09587069088238	0.08902785924554	0.12101317160461	0.07542175962823	0.08181934002284	0.66625929699169	-0.17176959702944	-0.08678613841183
-0.09839446045369	0.54250288737897	0.34783837535771	0.25706099240631	-0.25400524793792	-0.24757657594002	-0.25350302518865	-0.25043757169740	-0.25197192202544	-0.09443712443292	-0.01543021069943	-0.03734611361128	-0.04782304630431	-0.11865273442452	-0.01949415520071	-0.08827031192525	-0.02774731982262	-0.07767153343073	-0.17213243522815	-0.18012846498465	-0.20492964432894	-0.13156390829539	0.14274622666457	-0.20088515440399	0.46632748514617	0.54952354999803	-0.22936371545276	-0.22936995000925	-0.19572191877828	-0.24687526951468	-0.21257028813003	-0.17176959702944	1.80630792196012	0.54154526599735
-0.05420351414023	0.27708732951086	0.21744908835198	0.16500494088601	-0.17592895541045	-0.16370440266195	-0.17406267989293	-0.16775454265372	-0.17183756018945	-0.05290098296875	-0.01494484479461	-0.02609067314896	-0.03592476056056	-0.04708078501249	-0.01331702584152	-0.05904692838339	-0.02485021762174	-0.05477712986737	-0.11744927831112	-0.12162592784488	-0.14818547130130	-0.05441519275690	0.14033059580019	-0.13237189220348	0.19768570665580	0.26634577317852	-0.14186163402010	-0.15132655126156	-0.10455404801959	-0.16132880933999	-0.12756878339384	-0.08678613841183	0.54154526599735	1.13344536279695
