0.85240357274092	-0.08356837983072	-0.01125414075111	-0.00162267958170	-0.02607325984158	-0.00799162853894	-0.03172191592936	-0.03459327325778	-0.00689792194571	0.06796164653191	0.07648613697088	0.06637854737096	0.07060378104129	0.03477167056834	0.07475452840861	0.05835691792324	0.07392690863045	0.05926312187172	0.02952492486521	0.02170314582927	0.00226737623126	0.06976807012309	-0.01114465727903	-0.00587495772884	-0.05909362257388	-0.07291089155009	-0.08278842530965	-0.08430409830363	-0.06168894352513	-0.10036898586981	-0.07982448307552	-0.04274377820468	-0.17100714865296	-0.09449462395668
-0.08356837983072	1.67635035917858	0.33958079915540	0.26272232032200	-0.21613217626594	-0.22750305954171	-0.22962652433193	-0.22525542600965	-0.21377418048033	-0.09098921037885	-0.06437377504772	-0.07541822602285	-0.07881397962521	-0.09552662906999	-0.07455184647137	-0.10154025123266	-0.08185880337553	-0.09007748906478	-0.16144213611117	-0.16319932552615	-0.17079045850929	-0.11371118613633	0.17759345617880	-0.18433817970955	0.53163998846710	0.61052195458753	-0.24826377433289	-0.24650891588346	-0.21620356955697	-0.24681424248640	-0.24884956390623	-0.20015419934800	0.70028337368892	0.37700687168644
-0.01125414075111	0.33958079915540	1.40942662474065	0.22230884648046	-0.15467577643865	-0.16118927117521	-0.17187407359061	-0.16600525519172	-0.14557242955463	-0.01769617308949	-0.00031324106447	-0.00128467685275	-0.01793722257027	-0.04071112394736	-0.00934752206259	-0.03156172555164	-0.01811431431600	-0.02268816368267	-0.08892056063427	-0.09676348272312	-0.10679203615459	-0.06086897783096	0.17026340627941	-0.13702564552206	0.26951663663905	0.33939835627482	-0.20708602769044	-0.21338762869321	-0.18933816058368	-0.20714467538137	-0.20976737023575	-0.15760708515507	0.40068069573225	0.27188911130683
-0.00162267958170	0.26272232032200	0.22230884648046	1.18671683679067	-0.13325379959338	-0.13902685415758	-0.14670599603234	-0.14493954252351	-0.12965747835908	-0.00124804901172	0.01837727263164	0.01773453502975	0.00338243343233	-0.00496344093459	0.00425161859409	-0.02043317677612	0.00121915323369	-0.00882688185573	-0.08060115033748	-0.08163119803740	-0.09894828477992	-0.02788691353504	0.17206908276625	-0.11056806586759	0.23383874344461	0.26266760239991	-0.19382027861135	-0.20109136703599	-0.16410997100996	-0.19987569379098	-0.18974336009521	-0.14191254468282	0.25087754876141	0.18770969724702
-0.02607325984158	-0.21613217626594	-0.15467577643865	-0.13325379959338	0.83625078953925	0.14279521858002	0.19242724279528	0.18754115050722	0.18062200799653	-0.05550983027941	-0.03862999382473	-0.02862331187291	-0.04537583801200	-0.07816939294007	-0.01368171716584	-0.00135424557489	-0.01711657701116	-0.01150134637168	0.06482815643815	0.06059223544019	0.07772928871363	-0.03398751732087	-0.13938567343149	0.06218974250840	-0.21258311685238	-0.22971242638930	0.06620155088103	0.06590276144110	0.09133355077058	0.05584934437709	0.05496562826933	0.05831949546669	-0.28387816365817	-0.21057815775305
-0.00799162853894	-0.22750305954171	-0.16118927117521	-0.13902685415758	0.14279521858002	0.77831837024537	0.17406616738580	0.17753507744543	0.20130397798995	-0.04690911651983	-0.05230502907611	-0.04353964978378	-0.05184634436466	-0.05946884452364	-0.03737910581651	-0.01776458543419	-0.03130816207311	-0.02158374548092	0.05156045741673	0.04763217904517	0.06108258243370	-0.01959373967502	-0.12000303742742	0.05435223692603	-0.20126799744478	-0.23235784815780	0.06362929304086	0.07885570540277	0.09468026444386	0.06550300832023	0.06278500536481	0.05235065473834	-0.27295460163679	-0.18746044829608
-0.03172191592936	-0.22962652433193	-0.17187407359061	-0.14670599603234	0.19242724279528	0.17406616738580	0.75828006068340	0.20060092291891	0.19133661987522	-0.05371596177671	-0.05511850076001	-0.05567651672940	-0.06152452080130	-0.06405084666646	-0.03285565424107	-0.01535380672674	-0.03125565931540	-0.03416042341451	0.03787491414277	0.04677368144451	0.05331290645465	-0.02047081402517	-0.12051577513809	0.05240110295911	-0.20194118328418	-0.23562837213016	0.06534690086774	0.06525728570179	0.09704038200581	0.06572511497039	0.06889908317746	0.07071935061212	-0.27471749892895	-0.18719790088782
-0.03459327325778	-0.22525542600965	-0.16600525519172	-0.14493954252351	0.18754115050722	0.17753507744543	0.20060092291891	0.76389738460438	0.14778164698136	-0.05079750699051	-0.04525708951219	-0.03591399684447	-0.04560721622706	-0.06050082722381	-0.02666845919412	-0.01368163405048	-0.02517569802258	-0.02583295372962	0.04532259935651	0.05598771183695	0.06617452811694	-0.02612278538848	-0.12126178870885	0.07029478615603	-0.20255294220449	-0.23152971287764	0.05492871384374	0.05874758999081	0.12623349915464	0.06018382337999	0.06143520074156	0.05399137432175	-0.27598578326180	-0.19479660950900
-0.00689792194571	-0.21377418048033	-0.14557242955463	-0.12965747835908	0.18062200799653	0.20130397798995	0.19133661987522	0.14778164698136	0.79604105394456	-0.04199519833050	-0.02485732137452	-0.02378277053664	-0.03210076133519	-0.06608245497770	-0.00433154101507	-0.00066156130439	-0.00433163113453	-0.00562390638866	0.06201876394396	0.05331462105911	0.07856083078959	-0.02252600655276	-0.12802142444229	0.05260986259018	-0.20144146013117	-0.22453995406444	0.05537378257853	0.05350416143096	0.05213796160290	0.04711681152721	0.04869547662388	0.05419977534274	-0.28526912252416	-0.20688930017481
0.06796164653191	-0.09098921037885	-0.01769617308949	-0.00124804901172	-0.05550983027941	-0.04690911651983	-0.05371596177671	-0.05079750699051	-0.04199519833050	0.89130672165637	0.15753882970229	0.19368575500333	0.17745518210698	0.16294707321575	0.08942756058359	0.07177645096031	0.09963973732050	0.07654849777040	0.00884601333019	0.00752688341045	-0.01364449082418	0.06805255418837	-0.02680896897569	-0.02247513435028	-0.07993081096563	-0.08748705417594	-0.11523376237444	-0.13258276541450	-0.08006526733426	-0.11854192546361	-0.10819030170105	-0.06928227299503	-0.18481501158550	-0.10073168261525
0.07648613697088	-0.06437377504772	-0.00031324106447	0.01837727263164	-0.03862999382473	-0.05230502907611	-0.05511850076001	-0.04525708951219	-0.02485732137452	0.15753882970229	0.92136646166493	0.15180912213208	0.17424934242864	0.13071424251031	0.12381483102532	0.08995696619215	0.12753429746850	0.11741901269384	0.03303326335655	0.02924864941465	-0.00229134684064	0.06466969560698	-0.00921463274532	-0.01388973156033	-0.04949991001875	-0.06938435733248	-0.15338724557810	-0.15804585953578	-0.09460539711764	-0.15538258197348	-0.13245804381546	-0.08128796336009	-0.17748786045095	-0.11231436997229
0.06637854737096	-0.07541822602285	-0.00128467685275	0.01773453502975	-0.02862331187291	-0.04353964978378	-0.05567651672940	-0.03591399684447	-0.02378277053664	0.19368575500333	0.15180912213208	0.91966844873159	0.20026342600296	0.10850998764947	0.11580134501494	0.08852015006159	0.12404646325585	0.11017472290199	0.03331239274570	0.02895195747016	0.00571571617363	0.06194082975440	-0.01879040452353	-0.01322623006098	-0.08108027582375	-0.08212502653715	-0.13336274234870	-0.15042759172290	-0.07457236942768	-0.14434677499560	-0.13578633389563	-0.06844197485617	-0.20037278713670	-0.13103552726202
0.07060378104129	-0.07881397962521	-0.01793722257027	0.00338243343233	-0.04537583801200	-0.05184634436466	-0.06152452080130	-0.04560721622706	-0.03210076133519	0.17745518210698	0.17424934242864	0.20026342600296	0.93024280565141	0.15823501141336	0.11150011589083	0.08650786186865	0.10682930919027	0.09517833649627	0.03058611374191	0.02243104211971	0.00136424323182	0.05106467897464	-0.02232746357358	-0.00851365835988	-0.06202083715851	-0.07904443890193	-0.13244985555186	-0.14796591279655	-0.09994230710842	-0.13801194279165	-0.11993448313289	-0.07085062431625	-0.18854504955513	-0.12713062204983
0.03477167056834	-0.09552662906999	-0.04071112394736	-0.00496344093459	-0.07816939294007	-0.05946884452364	-0.06405084666646	-0.06050082722381	-0.06608245497770	0.16294707321575	0.13071424251031	0.10850998764947	0.15823501141336	0.87375228108990	0.06368239721757	0.04405080363325	0.07424949334372	0.06525919828890	-0.00745302794367	-0.01751688112147	-0.03414470807466	0.06333318570552	0.00532941279870	-0.00041542486018	-0.05088178783145	-0.07036721792209	-0.09117362561490	-0.11694912141725	-0.05448532982923	-0.09924192667093	-0.09115501524571	-0.05785311558051	-0.15678736226982	-0.06827231493090
0.07475452840861	-0.07455184647137	-0.00934752206259	0.00425161859409	-0.01368171716584	-0.03737910581651	-0.03285565424107	-0.02666845919412	-0.00433154101507	0.08942756058359	0.12381483102532	0.11580134501494	0.11150011589083	0.06368239721757	0.89470304938958	0.14048914654625	0.12380561175772	0.11951701616806	0.04557077621272	0.03759227336321	0.01788034178111	0.06434948668552	-0.00937174038375	-0.00076209394113	-0.06760506857103	-0.07462999358566	-0.12942169222839	-0.14025170184393	-0.07018114411440	-0.14122452135117	-0.11158828914540	-0.06445508241338	-0.18535216466610	-0.11571045230056
0.05835691792324	-0.10154025123266	-0.03156172555164	-0.02043317677612	-0.00135424557489	-0.01776458543419	-0.01535380672674	-0.01368163405048	-0.00066156130439	0.07177645096031	0.08995696619215	0.08852015006159	0.08650786186865	0.04405080363325	0.14048914654625	0.82699081022810	0.11320848203698	0.10558154034268	0.04610799279720	0.03657588646620	0.03215321179559	0.05562268786148	-0.02565686123595	0.01176886108993	-0.09238817820339	-0.09797929044691	-0.09546672624376	-0.09845781824972	-0.05590063682577	-0.10404252780902	-0.08260427903116	-0.04736676649176	-0.20358878743411	-0.13562821673246
0.07392690863045	-0.08185880337553	-0.01811431431600	0.00121915323369	-0.01711657701116	-0.03130816207311	-0.03125565931540	-0.02517569802258	-0.00433163113453	0.09963973732050	0.12753429746850	0.12404646325585	0.10682930919027	0.07424949334372	0.12380561175772	0.11320848203698	0.90152936966467	0.14744797523965	0.04408255930335	0.04718228401632	0.02429103309230	0.07719723088465	-0.02220147189716	-0.00451684483835	-0.08978851657591	-0.08533270409217	-0.11769624817348	-0.12183222528794	-0.06707323487335	-0.13015194189752	-0.11509654171974	-0.05583951248393	-0.19686465409906	-0.13807803164184
0.05926312187172	-0.09007748906478	-0.02268816368267	-0.00882688185573	-0.01150134637168	-0.02158374548092	-0.03416042341451	-0.02583295372962	-0.00562390638866	0.07654849777040	0.11741901269384	0.11017472290199	0.09517833649627	0.06525919828890	0.11951701616806	0.10558154034268	0.14744797523965	0.88271179275862	0.04501404152729	0.03050907047429	0.02173119212631	0.06105861906190	-0.02080797847969	0.00224932408910	-0.08899564462075	-0.09257394569830	-0.10718295103108	-0.11995886114761	-0.06114296714223	-0.12244686803101	-0.11340199700393	-0.04456431086139	-0.19856379350658	-0.13617833954446
0.02952492486521	-0.16144213611117	-0.08892056063427	-0.08060115033748	0.06482815643815	0.05156045741673	0.03787491414277	0.04532259935651	0.06201876394396	0.00884601333019	0.03303326335655	0.03331239274570	0.03058611374191	-0.00745302794367	0.04557077621272	0.04610799279720	0.04408255930335	0.04501404152729	0.81489676730750	0.08519914424875	0.09058135117586	0.01661540074020	-0.09366056413909	0.06320748539979	-0.15442924694751	-0.16419690407132	-0.00597907699173	-0.00516275296430	0.02867718743485	-0.01369810303185	-0.01446382521518	0.02922823852400	-0.24939659370625	-0.17697217914917
0.02170314582927	-0.16319932552615	-0.09676348272312	-0.08163119803740	0.06059223544019	0.04763217904517	0.04677368144451	0.05598771183695	0.05331462105911	0.00752688341045	0.02924864941465	0.02895195747016	0.02243104211971	-0.01751688112147	0.03759227336321	0.03657588646620	0.04718228401632	0.03050907047429	0.08519914424875	0.84462527387429	0.08916013458397	0.02226064629666	-0.09322729591739	0.04732642285723	-0.16403219744784	-0.16734680057645	0.01473491949712	0.02879007676886	0.03115842928843	0.00826000896436	0.01437660545252	0.02621727354251	-0.23624265626315	-0.17561292739150
0.00226737623126	-0.17079045850929	-0.10679203615459	-0.09894828477992	0.07772928871363	0.06108258243370	0.05331290645465	0.06617452811694	0.07856083078959	-0.01364449082418	-0.00229134684064	0.00571571617363	0.00136424323182	-0.03414470807466	0.01788034178111	0.03215321179559	0.02429103309230	0.02173119212631	0.09058135117586	0.08916013458397	0.79317657334312	-0.00429699164167	-0.11163555843719	0.07095613039158	-0.17054360029224	-0.18269112841684	0.01511189620820	0.02702060682624	0.02704882122176	0.01006364398858	0.02191259653186	0.03874039716904	-0.24937113239024	-0.19356019664743
0.06976807012309	-0.11371118613633	-0.06086897783096	-0.02788691353504	-0.03398751732087	-0.01959373967502	-0.02047081402517	-0.02612278538848	-0.02252600655276	0.06805255418837	0.06466969560698	0.06194082975440	0.05106467897464	0.06333318570552	0.06434948668552	0.05562268786148	0.07719723088465	0.06105861906190	0.01661540074020	0.02226064629666	-0.00429699164167	0.81547134441669	-0.00624218612906	0.00169599503211	-0.07297290121057	-0.10578712851581	-0.08001104997208	-0.07682720504560	-0.01722039836620	-0.08892625356937	-0.06443807084749	-0.01900367853260	-0.18630041938254	-0.09819569669094
-0.01114465727903	0.17759345617880	0.17026340627941	0.17206908276625	-0.13938567343149	-0.12000303742742	-0.12051577513809	-0.12126178870885	-0.12802142444229	-0.02680896897569	-0.00921463274532	-0.01879040452353	-0.02232746357358	0.00532941279870	-0.00937174038375	-0.02565686123595	-0.02220147189716	-0.02080797847969	-0.09366056413909	-0.09322729591739	-0.11163555843719	-0.00624218612906	1.07906895544505	-0.07872399837813	0.15888569446995	0.18200131203476	-0.14686239485552	-0.16234828402684	-0.13669677019023	-0.14975286684855	-0.13949225533707	-0.11376534373016	0.15607065013139	0.16482193156476
-0.00587495772884	-0.18433817970955	-0.13702564552206	-0.11056806586759	0.06218974250840	0.05435223692603	0.05240110295911	0.07029478615603	0.05260986259018	-0.02247513435028	-0.01388973156033	-0.01322623006098	-0.00851365835988	-0.00041542486018	-0.00076209394113	0.01176886108993	-0.00451684483835	0.00224932408910	0.06320748539979	0.04732642285723	0.07095613039158	0.00169599503211	-0.07872399837813	0.80608335950059	-0.17489745544628	-0.18833394775195	0.02867322778183	0.03714172835358	0.08627985309418	0.00663602872069	0.02927818805262	0.06308073914798	-0.23552681076576	-0.15982241389533
-0.05909362257388	0.53163998846710	0.26951663663905	0.23383874344461	-0.21258311685238	-0.20126799744478	-0.20194118328418	-0.20255294220449	-0.20144146013117	-0.07993081096563	-0.04949991001875	-0.08108027582375	-0.06202083715851	-0.05088178783145	-0.06760506857103	-0.09238817820339	-0.08978851657591	-0.08899564462075	-0.15442924694751	-0.16403219744784	-0.17054360029224	-0.07297290121057	0.15888569446995	-0.17489745544628	1.64848709579734	0.54110890844828	-0.25771495805696	-0.25475128478040	-0.22155721468504	-0.25937720545202	-0.24757479470768	-0.19668839724243	0.54771420736652	0.27005855624536
-0.07291089155009	0.61052195458753	0.33939835627482	0.26266760239991	-0.22971242638930	-0.23235784815780	-0.23562837213016	-0.23152971287764	-0.22453995406444	-0.08748705417594	-0.06938435733248	-0.08212502653715	-0.07904443890193	-0.07036721792209	-0.07462999358566	-0.09797929044691	-0.08533270409217	-0.09257394569830	-0.16419690407132	-0.16734680057645	-0.18269112841684	-0.10578712851581	0.18200131203476	-0.18833394775195	0.54110890844828	1.68491849757942	-0.25097428383175	-0.25152606521540	-0.22451748116580	-0.24692727937351	-0.24866780836164	-0.20270203434720	0.69695565140805	0.36971955615547
-0.08278842530965	-0.24826377433289	-0.20708602769044	-0.19382027861135	0.06620155088103	0.06362929304086	0.06534690086774	0.05492871384374	0.05537378257853	-0.11523376237444	-0.15338724557810	-0.13336274234870	-0.13244985555186	-0.09117362561490	-0.12942169222839	-0.09546672624376	-0.11769624817348	-0.10718295103108	-0.00597907699173	0.01473491949712	0.01511189620820	-0.08001104997208	-0.14686239485552	0.02867322778183	-0.25771495805696	-0.25097428383175	0.89628745134883	0.35296935724641	0.10063791354915	0.36798794759320	0.37076529304660	0.12286698721627	-0.21310824155306	-0.14530040886331
-0.08430409830363	-0.24650891588346	-0.21338762869321	-0.20109136703599	0.06590276144110	0.07885570540277	0.06525728570179	0.05874758999081	0.05350416143096	-0.13258276541450	-0.15804585953578	-0.15042759172290	-0.14796591279655	-0.11694912141725	-0.14025170184393	-0.09845781824972	-0.12183222528794	-0.11995886114761	-0.00516275296430	0.02879007676886	0.02702060682624	-0.07682720504560	-0.16234828402684	0.03714172835358	-0.25475128478040	-0.25152606521540	0.35296935724641	0.90631411671500	0.11881592598144	0.45346343826743	0.34889671216711	0.10855281167042	-0.20773669580493	-0.15130687376638
-0.06168894352513	-0.21620356955697	-0.18933816058368	-0.16410997100996	0.09133355077058	0.09468026444386	0.09704038200581	0.12623349915464	0.05213796160290	-0.08006526733426	-0.09460539711764	-0.07457236942768	-0.09994230710842	-0.05448532982923	-0.07018114411440	-0.05590063682577	-0.06707323487335	-0.06114296714223	0.02867718743485	0.03115842928843	0.02704882122176	-0.01722039836620	-0.13669677019023	0.08627985309418	-0.22155721468504	-0.22451748116580	0.10063791354915	0.11881592598144	0.90047242804302	0.11178768382353	0.09252130472629	0.13621302012807	-0.20787468597710	-0.12197667791268
-0.10036898586981	-0.24681424248640	-0.20714467538137	-0.19987569379098	0.05584934437709	0.06550300832023	0.06572511497039	0.06018382337999	0.04711681152721	-0.11854192546361	-0.15538258197348	-0.14434677499560	-0.13801194279165	-0.09924192667093	-0.14122452135117	-0.10404252780902	-0.13015194189752	-0.12244686803101	-0.01369810303185	0.00826000896436	0.01006364398858	-0.08892625356937	-0.14975286684855	0.00663602872069	-0.25937720545202	-0.24692727937351	0.36798794759320	0.45346343826743	0.11178768382353	0.92321624966055	0.35964817123201	0.10699655596851	-0.21200245241483	-0.14905315880498
-0.07982448307552	-0.24884956390623	-0.20976737023575	-0.18974336009521	0.05496562826933	0.06278500536481	0.06889908317746	0.06143520074156	0.04869547662388	-0.10819030170105	-0.13245804381546	-0.13578633389563	-0.11993448313289	-0.09115501524571	-0.11158828914540	-0.08260427903116	-0.11509654171974	-0.11340199700393	-0.01446382521518	0.01437660545252	0.02191259653186	-0.06443807084749	-0.13949225533707	0.02927818805262	-0.24757479470768	-0.24866780836164	0.37076529304660	0.34889671216711	0.09252130472629	0.35964817123201	0.82276657252042	0.09631094668042	-0.20422895126154	-0.13791359397592
-0.04274377820468	-0.20015419934800	-0.15760708515507	-0.14191254468282	0.05831949546669	0.05235065473834	0.07071935061212	0.05399137432175	0.05419977534274	-0.06928227299503	-0.08128796336009	-0.06844197485617	-0.07085062431625	-0.05785311558051	-0.06445508241338	-0.04736676649176	-0.05583951248393	-0.04456431086139	0.02922823852400	0.02621727354251	0.03874039716904	-0.01900367853260	-0.11376534373016	0.06308073914798	-0.19668839724243	-0.20270203434720	0.12286698721627	0.10855281167042	0.13621302012807	0.10699655596851	0.09631094668042	0.79679071506253	-0.17915881908265	-0.10218647407632
-0.17100714865296	0.70028337368892	0.40068069573225	0.25087754876141	-0.28387816365817	-0.27295460163679	-0.27471749892895	-0.27598578326180	-0.28526912252416	-0.18481501158550	-0.17748786045095	-0.20037278713670	-0.18854504955513	-0.15678736226982	-0.18535216466610	-0.20358878743411	-0.19686465409906	-0.19856379350658	-0.24939659370625	-0.23624265626315	-0.24937113239024	-0.18630041938254	0.15607065013139	-0.23552681076576	0.54771420736652	0.69695565140805	-0.21310824155306	-0.20773669580493	-0.20787468597710	-0.21200245241483	-0.20422895126154	-0.17915881908265	2.03238485023506	0.68805638354640
-0.09449462395668	0.37700687168644	0.27188911130683	0.18770969724702	-0.21057815775305	-0.18746044829608	-0.18719790088782	-0.19479660950900	-0.20688930017481	-0.10073168261525	-0.11231436997229	-0.13103552726202	-0.12713062204983	-0.06827231493090	-0.11571045230056	-0.13562821673246	-0.13807803164184	-0.13617833954446	-0.17697217914917	-0.17561292739150	-0.19356019664743	-0.09819569669094	0.16482193156476	-0.15982241389533	0.27005855624536	0.36971955615547	-0.14530040886331	-0.15130687376638	-0.12197667791268	-0.14905315880498	-0.13791359397592	-0.10218647407632	0.68805638354640	1.34920611493100
