0.94025489378830	-0.07435568459735	-0.00842888200282	-0.00230168302074	-0.02472920459054	-0.01055408636779	-0.02537086821963	-0.03393436413673	-0.00572276587011	0.05510505140445	0.06745256451358	0.05442711078125	0.05596929093741	0.02112951348937	0.06221851400893	0.05050250498820	0.06238088748624	0.05144933224713	0.02536620588632	0.01668445329670	-0.00181634980069	0.04790436923838	-0.01973911649005	-0.00950198968410	-0.05920986800725	-0.06894830813493	-0.07954208247208	-0.08104982693175	-0.06158498944902	-0.09419647845692	-0.07726659696116	-0.04593123394602	-0.15331525369681	-0.08747250938841
-0.07435568459735	1.66241122387830	0.28732583993059	0.22563843544934	-0.19504997594343	-0.20212042156581	-0.20126540376981	-0.20284361312640	-0.18966205700285	-0.08307404203117	-0.05881776310717	-0.06993775971827	-0.07499705087404	-0.08993711865697	-0.06256501724827	-0.08749556563687	-0.07379149270788	-0.08166424088095	-0.14018427798077	-0.14626293894705	-0.15477487281246	-0.10749394864971	0.14228884685088	-0.16601750823193	0.45007337132613	0.52645460529654	-0.22087584100411	-0.22243100936108	-0.20185152349346	-0.22294585599921	-0.22388341577467	-0.18754118712110	0.57879844983936	0.29247949091803
-0.00842888200282	0.28732583993059	1.37566407791802	0.18813339113254	-0.13601783699696	-0.14134500455269	-0.14788125275699	-0.14717963830724	-0.12779072861893	-0.01283567713365	0.00641402826254	0.00502223027590	-0.01003390168206	-0.03436157568232	-0.00173775953471	-0.02309572008934	-0.00813934748255	-0.01419658954474	-0.07373896807307	-0.08304407805748	-0.09545807611587	-0.05387681058645	0.13632106021170	-0.11950091700434	0.22806916179192	0.28296836145952	-0.18257279430996	-0.19038128386463	-0.16707782118208	-0.18755068714940	-0.18520816010649	-0.14039195195419	0.31492160753532	0.20406191932411
-0.00230168302074	0.22563843544934	0.18813339113254	1.24482277562385	-0.11476931582962	-0.12490844595518	-0.12438738541410	-0.13001552698045	-0.11306111772301	-0.00303787398051	0.01920864360151	0.01531790643866	0.00275592623545	-0.01271718410408	0.00929859586989	-0.01551257791548	0.00427030417947	-0.00459024679594	-0.06501412988158	-0.06989829571627	-0.08626245281398	-0.03488379132314	0.13517976066394	-0.10139162910572	0.19393260182810	0.21879230028653	-0.17709188793346	-0.18407934935999	-0.15335249136794	-0.18411962155059	-0.17534511788208	-0.13428346425379	0.19794865873629	0.13583375298145
-0.02472920459054	-0.19504997594343	-0.13601783699696	-0.11476931582962	0.89410122126494	0.11738122128338	0.15849903639520	0.15555111509289	0.14696764891165	-0.04680231258442	-0.03168795244838	-0.02370058826371	-0.03938681617485	-0.06493861761810	-0.01271161160554	-0.00202795106561	-0.01610695107464	-0.01201532853202	0.05368231923657	0.05238999134964	0.06210387321796	-0.03054229745025	-0.12446027487684	0.04953652518425	-0.18893288789637	-0.20431521783153	0.04677017565080	0.04630446840464	0.07102446841318	0.03940913666671	0.03739845872639	0.04502512871852	-0.24898703470295	-0.17961386334403
-0.01055408636779	-0.20212042156581	-0.14134500455269	-0.12490844595518	0.11738122128338	0.81488466336856	0.14001570203715	0.14807251897688	0.16767174831262	-0.04290112901203	-0.04647412701602	-0.03732095267687	-0.04659206155677	-0.04944636640844	-0.03443508272314	-0.01799124089766	-0.03063247338101	-0.02457566972302	0.03845876786432	0.03899909150452	0.04881167531215	-0.01773721616416	-0.10602734556461	0.04258439913587	-0.18043702630999	-0.20372812218201	0.05002610067968	0.06115818199773	0.07817012132222	0.04915782782814	0.04595440074858	0.04428159520328	-0.23501708297224	-0.15686402510374
-0.02537086821963	-0.20126540376981	-0.14788125275699	-0.12438738541410	0.15849903639520	0.14001570203715	0.88751404059103	0.16091285177248	0.15906714723696	-0.04553968944087	-0.04641717259273	-0.04762169002545	-0.05305424613753	-0.05619322780037	-0.02906898868707	-0.01614313466960	-0.03014742679153	-0.02869740300944	0.03120131235495	0.03958113597526	0.04155849138453	-0.02676724848317	-0.11143402820475	0.03842526997159	-0.18110838705805	-0.20748845601697	0.04066002582666	0.04152166161991	0.06537116625824	0.04569783898907	0.04205571036180	0.04481169068298	-0.24341594667736	-0.16647546144215
-0.03393436413673	-0.20284361312640	-0.14717963830724	-0.13001552698045	0.15555111509289	0.14807251897688	0.16091285177248	0.80049146357219	0.11963585400344	-0.04705521843417	-0.04447564052454	-0.03559587791485	-0.04185048001523	-0.05275876170989	-0.03003344932517	-0.01767917144870	-0.02714222512194	-0.02830729761371	0.03538435742114	0.04591532940426	0.05015714159977	-0.02538603319258	-0.10643310961453	0.05782305829791	-0.18169522347726	-0.20322796017832	0.04504969460230	0.04901633382715	0.11303915176672	0.05058903835193	0.04983446848760	0.04763895552633	-0.23866704569187	-0.16054668133971
-0.00572276587011	-0.18966205700285	-0.12779072861893	-0.11306111772301	0.14696764891165	0.16767174831262	0.15906714723696	0.11963585400344	0.87129348599423	-0.03540509965789	-0.02057145735253	-0.02065057215483	-0.02938998823887	-0.05825963644444	-0.00704882562419	-0.00263514302049	-0.00582858806538	-0.00537782039524	0.05169179264040	0.04565030834988	0.06337852769751	-0.02407244079607	-0.11651779375124	0.03986277445475	-0.18169513198421	-0.19927023008916	0.03653253419644	0.03704144522299	0.03947318561354	0.03277839139116	0.03178797913080	0.04016353116936	-0.25001128414277	-0.17777366364032
0.05510505140445	-0.08307404203117	-0.01283567713365	-0.00303787398051	-0.04680231258442	-0.04290112901203	-0.04553968944087	-0.04705521843417	-0.03540509965789	0.97104236879805	0.13346909986942	0.15701875509921	0.14387753216164	0.12374458574631	0.07460218212143	0.05941942902482	0.08476760887429	0.06971436418918	0.01074916575113	0.00860276930857	-0.01628380332703	0.04575700830659	-0.03246959472483	-0.02254145710184	-0.07672439390124	-0.08359553716423	-0.10360056867200	-0.11720355703018	-0.07522238300601	-0.10731588792663	-0.09925545701144	-0.06405891957200	-0.16601459570319	-0.09512029902612
0.06745256451358	-0.05881776310717	0.00641402826254	0.01920864360151	-0.03168795244838	-0.04647412701602	-0.04641717259273	-0.04447564052454	-0.02057145735253	0.13346909986942	1.00627641552968	0.12888287352586	0.14422241521156	0.09669255371008	0.10530156932538	0.07861381686556	0.11143784803956	0.10515113187881	0.03206296911536	0.02420500088199	-0.00636011407704	0.04201592994633	-0.01870298248433	-0.01442437388104	-0.04948247185308	-0.06750324403856	-0.13758313058474	-0.13982783630893	-0.09124231275398	-0.13979941246823	-0.12362120736912	-0.07986784347467	-0.15793118478375	-0.10447797176744
0.05442711078125	-0.06993775971827	0.00502223027590	0.01531790643866	-0.02370058826371	-0.03732095267687	-0.04762169002545	-0.03559587791485	-0.02065057215483	0.15701875509921	0.12888287352586	0.96440753021483	0.16014075717696	0.08309786072172	0.09473589860325	0.07376719367883	0.10433556283596	0.09652358129658	0.02933454154480	0.02402216155318	0.00020316794074	0.04100004449612	-0.02162243038721	-0.01346038976924	-0.07642116306208	-0.07816797885998	-0.11409177930071	-0.12844030639680	-0.06942373651758	-0.12506933648265	-0.11631997815390	-0.06222759469409	-0.17220754673709	-0.11176798545968
0.05596929093741	-0.07499705087404	-0.01003390168206	0.00275592623545	-0.03938681617485	-0.04659206155677	-0.05305424613753	-0.04185048001523	-0.02938998823887	0.14387753216164	0.14422241521156	0.16014075717696	0.96752974664107	0.12195077301868	0.09082970197420	0.06944298818007	0.08826186567259	0.08011232052723	0.02518348473603	0.01566192316377	-0.00503606812310	0.03217383963025	-0.02554603166282	-0.01278130452986	-0.05951399090364	-0.07484703277061	-0.11130518311785	-0.12269378807331	-0.08679197646213	-0.11844084041124	-0.10357786314689	-0.06139307134116	-0.15981905236623	-0.10675841315187
0.02112951348937	-0.08993711865697	-0.03436157568232	-0.01271718410408	-0.06493861761810	-0.04944636640844	-0.05619322780037	-0.05275876170989	-0.05825963644444	0.12374458574631	0.09669255371008	0.08309786072172	0.12195077301868	0.86136273036963	0.04483108720947	0.03033574998500	0.05747719932212	0.04740141669668	-0.01229518956841	-0.01638148359395	-0.03322350507677	0.04803844849015	0.00065193837003	-0.00487952494506	-0.04762009652151	-0.07066135537316	-0.07029475034841	-0.08876090688643	-0.03791571849370	-0.08237457766808	-0.06874331033320	-0.04352808513343	-0.13134025484352	-0.05222964596826
0.06221851400893	-0.06256501724827	-0.00173775953471	0.00929859586989	-0.01271161160554	-0.03443508272314	-0.02906898868707	-0.03003344932517	-0.00704882562419	0.07460218212143	0.10530156932538	0.09473589860325	0.09082970197420	0.04483108720947	0.96521382893088	0.11666008831641	0.10443983441466	0.10298036016300	0.03848017723790	0.02886395466934	0.00778094728762	0.04185897743220	-0.01442826710090	-0.00563670331436	-0.06266453118839	-0.06730825710132	-0.11323604480915	-0.12466002707706	-0.06714446166954	-0.12557180868584	-0.10177554156566	-0.06294629547083	-0.15642418751732	-0.09850773006476
0.05050250498820	-0.08749556563687	-0.02309572008934	-0.01551257791548	-0.00202795106561	-0.01799124089766	-0.01614313466960	-0.01767917144870	-0.00263514302049	0.05941942902482	0.07861381686556	0.07376719367883	0.06944298818007	0.03033574998500	0.11666008831641	0.91735838916968	0.09704419962124	0.09221746854835	0.03829886088714	0.03006641350845	0.02172526476259	0.03628354729898	-0.03019022838373	0.00535523781392	-0.08397270963619	-0.08891964732723	-0.08963675460003	-0.09346465605201	-0.05648219716045	-0.09876419270681	-0.08102644283319	-0.05000058936773	-0.17835066455671	-0.11856539294923
0.06238088748624	-0.07379149270788	-0.00813934748255	0.00427030417947	-0.01610695107464	-0.03063247338101	-0.03014742679153	-0.02714222512194	-0.00582858806538	0.08476760887429	0.11143784803956	0.10433556283596	0.08826186567259	0.05747719932212	0.10443983441466	0.09704419962124	0.95408983509190	0.12871647816659	0.03721223987306	0.03686955646853	0.01456522743068	0.05625179860086	-0.02435182816532	-0.00716593100918	-0.07836145616190	-0.07833724100148	-0.10350912136907	-0.10782269842525	-0.06315568875114	-0.11586098039804	-0.10105046677314	-0.05231882881821	-0.16842671845905	-0.11670989865742
0.05144933224713	-0.08166424088095	-0.01419658954474	-0.00459024679594	-0.01201532853202	-0.02457566972302	-0.02869740300944	-0.02830729761371	-0.00537782039524	0.06971436418918	0.10515113187881	0.09652358129658	0.08011232052723	0.04740141669668	0.10298036016300	0.09221746854835	0.12871647816659	0.96638783985529	0.03946346066482	0.02632034305868	0.01362892473160	0.04417977487586	-0.02865434028083	-0.00097972020152	-0.08220796882502	-0.08754327926216	-0.10104014330739	-0.11228008730633	-0.06140196141580	-0.11426290180088	-0.10649900748340	-0.04860165682933	-0.18151986179914	-0.12236092873497
0.02536620588632	-0.14018427798077	-0.07373896807307	-0.06501412988158	0.05368231923657	0.03845876786432	0.03120131235495	0.03538435742114	0.05169179264040	0.01074916575113	0.03206296911536	0.02933454154480	0.02518348473603	-0.01229518956841	0.03848017723790	0.03829886088714	0.03721223987306	0.03946346066482	0.91039388048505	0.06748249798959	0.07058219101211	0.00485388878321	-0.08707554392008	0.04711515400598	-0.13745589425063	-0.14474595368939	-0.01594437269102	-0.01631265032308	0.01065681590738	-0.02101459250094	-0.02284300103790	0.01308449438776	-0.21852681795469	-0.15509181998462
0.01668445329670	-0.14626293894705	-0.08304407805748	-0.06989829571627	0.05238999134964	0.03899909150452	0.03958113597526	0.04591532940426	0.04565030834988	0.00860276930857	0.02420500088199	0.02402216155318	0.01566192316377	-0.01638148359395	0.02886395466934	0.03006641350845	0.03686955646853	0.02632034305868	0.06748249798959	0.89505302273642	0.07097827204763	0.01281777118143	-0.08116073175653	0.03898151340239	-0.14470583398720	-0.14989283419117	0.00955360796589	0.01957854237604	0.02030418518791	0.00586252579189	0.00843408471695	0.01888065245584	-0.20381604700254	-0.14759477277030
-0.00181634980069	-0.15477487281246	-0.09545807611587	-0.08626245281398	0.06210387321796	0.04881167531215	0.04155849138453	0.05015714159977	0.06337852769751	-0.01628380332703	-0.00636011407704	0.00020316794074	-0.00503606812310	-0.03322350507677	0.00778094728762	0.02172526476259	0.01456522743068	0.01362892473160	0.07058219101211	0.07097827204763	0.85562131520912	-0.00790522534647	-0.09851387534792	0.05460480553213	-0.14871449520723	-0.16127972365195	0.00972729131838	0.02009600990882	0.02189510445395	0.00504374591484	0.01508781857422	0.02973339977559	-0.21272682956821	-0.16162636031866
0.04790436923838	-0.10749394864971	-0.05387681058645	-0.03488379132314	-0.03054229745025	-0.01773721616416	-0.02676724848317	-0.02538603319258	-0.02407244079607	0.04575700830659	0.04201592994633	0.04100004449612	0.03217383963025	0.04803844849015	0.04185897743220	0.03628354729898	0.05625179860086	0.04417977487586	0.00485388878321	0.01281777118143	-0.00790522534647	0.77604655708177	-0.00639230581119	-0.00180502312796	-0.07162014153609	-0.09743322806753	-0.05320567857101	-0.05025275946087	-0.00357210594676	-0.06355355771333	-0.03805238242411	-0.00407206637982	-0.15098956137500	-0.06531968616908
-0.01973911649005	0.14228884685088	0.13632106021170	0.13517976066394	-0.12446027487684	-0.10602734556461	-0.11143402820475	-0.10643310961453	-0.11651779375124	-0.03246959472483	-0.01870298248433	-0.02162243038721	-0.02554603166282	0.00065193837003	-0.01442826710090	-0.03019022838373	-0.02435182816532	-0.02865434028083	-0.08707554392008	-0.08116073175653	-0.09851387534792	-0.00639230581119	1.00709891797352	-0.07268490714797	0.12582968184573	0.14451539120476	-0.11467680873219	-0.12640728509137	-0.10295373568561	-0.12074725057287	-0.10638696661992	-0.08550520296574	0.13606542863152	0.14396628041961
-0.00950198968410	-0.16601750823193	-0.11950091700434	-0.10139162910572	0.04953652518425	0.04258439913587	0.03842526997159	0.05782305829791	0.03986277445475	-0.02254145710184	-0.01442437388104	-0.01346038976924	-0.01278130452986	-0.00487952494506	-0.00563670331436	0.00535523781392	-0.00716593100918	-0.00097972020152	0.04711515400598	0.03898151340239	0.05460480553213	-0.00180502312796	-0.07268490714797	0.84641449046087	-0.15359397202313	-0.16902939842466	0.02203220869467	0.02917866407400	0.06980324968673	0.00497302988855	0.02246111095557	0.05226217937176	-0.20378481737499	-0.13287753630932
-0.05920986800725	0.45007337132613	0.22806916179192	0.19393260182810	-0.18893288789637	-0.18043702630999	-0.18110838705805	-0.18169522347726	-0.18169513198421	-0.07672439390124	-0.04948247185308	-0.07642116306208	-0.05951399090364	-0.04762009652151	-0.06266453118839	-0.08397270963619	-0.07836145616190	-0.08220796882502	-0.13745589425063	-0.14470583398720	-0.14871449520723	-0.07162014153609	0.12582968184573	-0.15359397202313	1.55744014416954	0.45746424085655	-0.21910878999344	-0.21805988317679	-0.19049645836505	-0.22050033828030	-0.21017051376641	-0.17064342731011	0.45716100239297	0.21159995542459
-0.06894830813493	0.52645460529654	0.28296836145952	0.21879230028653	-0.20431521783153	-0.20372812218201	-0.20748845601697	-0.20322796017832	-0.19927023008916	-0.08359553716423	-0.06750324403856	-0.07816797885998	-0.07484703277061	-0.07066135537316	-0.06730825710132	-0.08891964732723	-0.07833724100148	-0.08754327926216	-0.14474595368939	-0.14989283419117	-0.16127972365195	-0.09743322806753	0.14451539120476	-0.16902939842466	0.45746424085655	1.61359415126422	-0.21485536961728	-0.21561711024937	-0.19784551557187	-0.21540737768233	-0.21137723084453	-0.17842645129935	0.57846590310227	0.28627485927149
-0.07954208247208	-0.22087584100411	-0.18257279430996	-0.17709188793346	0.04677017565080	0.05002610067968	0.04066002582666	0.04504969460230	0.03653253419644	-0.10360056867200	-0.13758313058474	-0.11409177930071	-0.11130518311785	-0.07029475034841	-0.11323604480915	-0.08963675460003	-0.10350912136907	-0.10104014330739	-0.01594437269102	0.00955360796589	0.00972729131838	-0.05320567857101	-0.11467680873219	0.02203220869467	-0.21910878999344	-0.21485536961728	0.79026903160583	0.30509476606081	0.09939092009558	0.31299272056900	0.32609727004259	0.11701145212401	-0.17302056922340	-0.10290530536476
-0.08104982693175	-0.22243100936108	-0.19038128386463	-0.18407934935999	0.04630446840464	0.06115818199773	0.04152166161991	0.04901633382715	0.03704144522299	-0.11720355703018	-0.13982783630893	-0.12844030639680	-0.12269378807331	-0.08876090688643	-0.12466002707706	-0.09346465605201	-0.10782269842525	-0.11228008730633	-0.01631265032308	0.01957854237604	0.02009600990882	-0.05025275946087	-0.12640728509137	0.02917866407400	-0.21805988317679	-0.21561711024937	0.30509476606081	0.79839930619351	0.11625381343030	0.38906303065969	0.30405092185957	0.11050089821776	-0.16836980978229	-0.10837565191848
-0.06158498944902	-0.20185152349346	-0.16707782118208	-0.15335249136794	0.07102446841318	0.07817012132222	0.06537116625824	0.11303915176672	0.03947318561354	-0.07522238300601	-0.09124231275398	-0.06942373651758	-0.08679197646213	-0.03791571849370	-0.06714446166954	-0.05648219716045	-0.06315568875114	-0.06140196141580	0.01065681590738	0.02030418518791	0.02189510445395	-0.00357210594676	-0.10295373568561	0.06980324968673	-0.19049645836505	-0.19784551557187	0.09939092009558	0.11625381343030	0.77938413169736	0.10319144225251	0.09749743331499	0.13304652397167	-0.16818792159997	-0.08421339735163
-0.09419647845692	-0.22294585599921	-0.18755068714940	-0.18411962155059	0.03940913666671	0.04915782782814	0.04569783898907	0.05058903835193	0.03277839139116	-0.10731588792663	-0.13979941246823	-0.12506933648265	-0.11844084041124	-0.08237457766808	-0.12557180868584	-0.09876419270681	-0.11586098039804	-0.11426290180088	-0.02101459250094	0.00586252579189	0.00504374591484	-0.06355355771333	-0.12074725057287	0.00497302988855	-0.22050033828030	-0.21540737768233	0.31299272056900	0.38906303065969	0.10319144225251	0.86801486456132	0.31009400727846	0.10015398737689	-0.18309102619092	-0.11655322443465
-0.07726659696116	-0.22388341577467	-0.18520816010649	-0.17534511788208	0.03739845872639	0.04595440074858	0.04205571036180	0.04983446848760	0.03178797913080	-0.09925545701144	-0.12362120736912	-0.11631997815390	-0.10357786314689	-0.06874331033320	-0.10177554156566	-0.08102644283319	-0.10105046677314	-0.10649900748340	-0.02284300103790	0.00843408471695	0.01508781857422	-0.03805238242411	-0.10638696661992	0.02246111095557	-0.21017051376641	-0.21137723084453	0.32609727004259	0.30405092185957	0.09749743331499	0.31009400727846	0.72077220211700	0.10025094713605	-0.16590372137609	-0.09566876935993
-0.04593123394602	-0.18754118712110	-0.14039195195419	-0.13428346425379	0.04502512871852	0.04428159520328	0.04481169068298	0.04763895552633	0.04016353116936	-0.06405891957200	-0.07986784347467	-0.06222759469409	-0.06139307134116	-0.04352808513343	-0.06294629547083	-0.05000058936773	-0.05231882881821	-0.04860165682933	0.01308449438776	0.01888065245584	0.02973339977559	-0.00407206637982	-0.08550520296574	0.05226217937176	-0.17064342731011	-0.17842645129935	0.11701145212401	0.11050089821776	0.13304652397167	0.10015398737689	0.10025094713605	0.68981247403820	-0.14402944112142	-0.06752027699460
-0.15331525369681	0.57879844983936	0.31492160753532	0.19794865873629	-0.24898703470295	-0.23501708297224	-0.24341594667736	-0.23866704569187	-0.25001128414277	-0.16601459570319	-0.15793118478375	-0.17220754673709	-0.15981905236623	-0.13134025484352	-0.15642418751732	-0.17835066455671	-0.16842671845905	-0.18151986179914	-0.21852681795469	-0.20381604700254	-0.21272682956821	-0.15098956137500	0.13606542863152	-0.20378481737499	0.45716100239297	0.57846590310227	-0.17302056922340	-0.16836980978229	-0.16818792159997	-0.18309102619092	-0.16590372137609	-0.14402944112142	1.77382702628175	0.55890529908224
-0.08747250938841	0.29247949091803	0.20406191932411	0.13583375298145	-0.17961386334403	-0.15686402510374	-0.16647546144215	-0.16054668133971	-0.17777366364032	-0.09512029902612	-0.10447797176744	-0.11176798545968	-0.10675841315187	-0.05222964596826	-0.09850773006476	-0.11856539294923	-0.11670989865742	-0.12236092873497	-0.15509181998462	-0.14759477277030	-0.16162636031866	-0.06531968616908	0.14396628041961	-0.13287753630932	0.21159995542459	0.28627485927149	-0.10290530536476	-0.10837565191848	-0.08421339735163	-0.11655322443465	-0.09566876935993	-0.06752027699460	0.55890529908224	1.14179162192472
