0.95461309539006	-0.07160652667628	-0.00691166926286	-0.00259371172242	-0.02725759322877	-0.01333492939744	-0.02860559820577	-0.03728367992942	-0.00796842803958	0.05328577052650	0.06631908972593	0.05296598892245	0.05441194280524	0.01828968465614	0.06086803105152	0.04867643988367	0.06121061208394	0.04968472986359	0.02362636938701	0.01494699326183	-0.00410237672346	0.04622316438167	-0.02111474038999	-0.01215350882070	-0.05734417029979	-0.06447126614476	-0.08172925421481	-0.08301773624503	-0.06335015433171	-0.09568876749047	-0.07905750794431	-0.04749723814152	-0.13836219089926	-0.07929528735698
-0.07160652667628	1.63849304607937	0.28853813267067	0.22956216913301	-0.19584933106891	-0.20245761203996	-0.20194097597766	-0.20325397940028	-0.19041807693307	-0.08093775208616	-0.05751245811684	-0.06872955040824	-0.07340610793211	-0.08676140316593	-0.06118154564365	-0.08588324837165	-0.07288766790750	-0.08038934754479	-0.13990750718211	-0.14594161272169	-0.15423566913601	-0.10551767564439	0.14655063352032	-0.16523279516634	0.44819888654761	0.52112528888387	-0.21861271144000	-0.22001685010126	-0.20074022430483	-0.21955217752464	-0.22147705997189	-0.18624964326841	0.54746604365045	0.27834394948231
-0.00691166926286	0.28853813267067	1.36474566690268	0.19145817443888	-0.13778086209344	-0.14292894881258	-0.14998251952715	-0.14893986055106	-0.12941057850994	-0.01167699725335	0.00717087902538	0.00592430934561	-0.00919672479163	-0.03279737014470	-0.00100713425556	-0.02247171051300	-0.00772821015405	-0.01360593275878	-0.07416549796982	-0.08342124590914	-0.09599797912489	-0.05340126706564	0.14019150239104	-0.12045423364807	0.22645135717941	0.28022703623143	-0.18167627863599	-0.18946361687602	-0.16721718494165	-0.18554080322210	-0.18413666456085	-0.14004175009146	0.29866681094200	0.19833164567844
-0.00259371172242	0.22956216913301	0.19145817443888	1.24254008129784	-0.11734908348094	-0.12768674024292	-0.12740958603391	-0.13293570047341	-0.11577560664363	-0.00370805843278	0.01824235016898	0.01437552767850	0.00183453900458	-0.01265969498230	0.00832265819765	-0.01666274884059	0.00302740798199	-0.00584627138094	-0.06697397489959	-0.07170761884972	-0.08815264857277	-0.03576398615881	0.13866333546414	-0.10354970114514	0.19466486972237	0.21990472330123	-0.17710107099446	-0.18398513172705	-0.15414945379457	-0.18313772238560	-0.17514157746086	-0.13472088907759	0.19318533949352	0.13617272731362
-0.02725759322877	-0.19584933106891	-0.13778086209344	-0.11734908348094	0.90612708163723	0.11882307687310	0.16109258453102	0.15795250309376	0.14945766801746	-0.04976462743227	-0.03373651214087	-0.02563240280532	-0.04188735269047	-0.06884289546852	-0.01432768460673	-0.00366654704418	-0.01774617658389	-0.01372794132852	0.05372466440366	0.05235471902795	0.06210422160292	-0.03302116689716	-0.12777696959572	0.04917373996903	-0.18912676791430	-0.20281101684623	0.04533260051334	0.04485630760809	0.07095392964528	0.03746396682908	0.03579488779885	0.04432552879367	-0.23709496907243	-0.17491185730836
-0.01333492939744	-0.20245761203996	-0.14292894881258	-0.12768674024292	0.11882307687310	0.82608042904886	0.14164318443986	0.14978205323960	0.17029586918559	-0.04668242507137	-0.04986620378608	-0.04054706726646	-0.05023728117547	-0.05360205353698	-0.03744935161065	-0.02079357848145	-0.03350305911399	-0.02744964883492	0.03757428576212	0.03827232546266	0.04815386089792	-0.02026214758542	-0.10858575477658	0.04179114917678	-0.17988871598617	-0.20171028746444	0.04960348518021	0.06107117594977	0.07873598094816	0.04884012798730	0.04554168443036	0.04411741714206	-0.22220790679647	-0.15096303161129
-0.02860559820577	-0.20194097597766	-0.14998251952715	-0.12740958603391	0.16109258453102	0.14164318443986	0.90082254935498	0.16314694617764	0.16163322656792	-0.04945637244453	-0.04994580459905	-0.05111456132135	-0.05687954457933	-0.06060975987653	-0.03202508294790	-0.01895631901288	-0.03306616443315	-0.03176248929180	0.03020599976622	0.03897290711009	0.04081872759026	-0.02947144349534	-0.11429603736798	0.03767051660857	-0.18105501275987	-0.20588479681168	0.04034863531735	0.04121074578020	0.06596881647328	0.04571174106759	0.04197749223562	0.04490127781132	-0.23106973496654	-0.16084330973948
-0.03728367992942	-0.20325397940028	-0.14893986055106	-0.13293570047341	0.15795250309376	0.14978205323960	0.16314694617764	0.81146048938463	0.12116286284164	-0.05084054257064	-0.04773242484646	-0.03864995100095	-0.04525620153823	-0.05695690801048	-0.03286322257827	-0.02038712078369	-0.02986921327939	-0.03123109158556	0.03449599589090	0.04539488797378	0.04957617975074	-0.02811374905413	-0.10902582005784	0.05739322870331	-0.18117705744791	-0.20120456888831	0.04440227138065	0.04853106473073	0.11447825317972	0.05012836402266	0.04942572851339	0.04750306392455	-0.22602541903155	-0.15475655349050
-0.00796842803958	-0.19041807693307	-0.12941057850994	-0.11577560664363	0.14945766801746	0.17029586918559	0.16163322656792	0.12116286284164	0.88294979974120	-0.03829061888996	-0.02254401152612	-0.02270506201819	-0.03182834367772	-0.06217614190970	-0.00874598411439	-0.00444456533552	-0.00737574686382	-0.00707519873886	0.05161495000885	0.04544882332302	0.06340802169403	-0.02657090833860	-0.11980518206681	0.03921118241717	-0.18182760842641	-0.19764484364785	0.03508351361503	0.03559264878644	0.03885272495457	0.03100099463141	0.03031507701092	0.03958209580998	-0.23791289026811	-0.17302803647934
0.05328577052650	-0.08093775208616	-0.01167699725335	-0.00370805843278	-0.04976462743227	-0.04668242507137	-0.04945637244453	-0.05084054257064	-0.03829061888996	0.98863683056594	0.13457969583727	0.15865582973145	0.14496216271059	0.12331312343688	0.07410828659379	0.05816248586818	0.08481185875778	0.06888632332302	0.00895991178734	0.00690797641145	-0.01889208311696	0.04402978049699	-0.03453704189041	-0.02551462007585	-0.07527462241429	-0.07944036184954	-0.10714473250503	-0.12080256236993	-0.07735541093730	-0.10981376892739	-0.10231334659717	-0.06621892686640	-0.15009775445271	-0.08667898317376
0.06631908972593	-0.05751245811684	0.00717087902538	0.01824235016898	-0.03373651214087	-0.04986620378608	-0.04994580459905	-0.04773242484646	-0.02254401152612	0.13457969583727	1.02395701945484	0.13047795411245	0.14596671200677	0.09604210201249	0.10609191355075	0.07833550912533	0.11272360698499	0.10575996886752	0.03137237072884	0.02341251199830	-0.00825505451496	0.04009583850417	-0.02173976647325	-0.01712887200595	-0.04939132827978	-0.06459654781278	-0.14190793738417	-0.14398488370175	-0.09362111431205	-0.14315973103812	-0.12717752307322	-0.08221359857087	-0.14237264119824	-0.09661567612320
0.05296598892245	-0.06872955040824	0.00592430934561	0.01437552767850	-0.02563240280532	-0.04054706726646	-0.05111456132135	-0.03864995100095	-0.02270506201819	0.15865582973145	0.13047795411245	0.98114195356143	0.16222655055168	0.08210953103103	0.09520236927255	0.07335353531630	0.10541119501211	0.09691084652720	0.02848500996349	0.02315081446633	-0.00158640645406	0.03907924717389	-0.02461382789744	-0.01616109308433	-0.07666413414307	-0.07527591095879	-0.11789896399148	-0.13241976725356	-0.07136189845432	-0.12815035855586	-0.11974715851728	-0.06422889873271	-0.15698984320803	-0.10410886698547
0.05441194280524	-0.07340610793211	-0.00919672479163	0.00183453900458	-0.04188735269047	-0.05023728117547	-0.05687954457933	-0.04525620153823	-0.03182834367772	0.14496216271059	0.14596671200677	0.16222655055168	0.98452066773072	0.12174092733471	0.09103669231219	0.06875233031321	0.08871461797357	0.07986950964462	0.02405255743441	0.01441006555209	-0.00712905550641	0.03003494353083	-0.02816501945905	-0.01552768560476	-0.05866060984109	-0.07137687680802	-0.11498907126835	-0.12648901079266	-0.08917383961647	-0.12126411901166	-0.10663639779309	-0.06340746722942	-0.14414986425457	-0.09881766592330
0.01828968465614	-0.08676140316593	-0.03279737014470	-0.01265969498230	-0.06884289546852	-0.05360205353698	-0.06060975987653	-0.05695690801048	-0.06217614190970	0.12331312343688	0.09604210201249	0.08210953103103	0.12174092733471	0.87569099919747	0.04290705214629	0.02781725105882	0.05597537680477	0.04533593511034	-0.01527651899561	-0.01924085111535	-0.03655066600727	0.04652353581985	0.00050149200373	-0.00753149284769	-0.04406517251940	-0.06526738751022	-0.07239717758461	-0.09100639980228	-0.03910032854293	-0.08377850853957	-0.07048413412808	-0.04498883245810	-0.11564716608923	-0.04288588877896
0.06086803105152	-0.06118154564365	-0.00100713425556	0.00832265819765	-0.01432768460673	-0.03744935161065	-0.03202508294790	-0.03286322257827	-0.00874598411439	0.07410828659379	0.10609191355075	0.09520236927255	0.09103669231219	0.04290705214629	0.98065075528078	0.11716504027881	0.10526203622394	0.10333541228926	0.03779400993301	0.02804774629037	0.00619265361965	0.03994340368922	-0.01716154637086	-0.00811634172281	-0.06282252268963	-0.06438024804654	-0.11668909098542	-0.12813180351499	-0.06896412017369	-0.12833091097379	-0.10453592187191	-0.06487153882889	-0.14136712354134	-0.09062499062877
0.04867643988367	-0.08588324837165	-0.02247171051300	-0.01666274884059	-0.00366654704418	-0.02079357848145	-0.01895631901288	-0.02038712078369	-0.00444456533552	0.05816248586818	0.07833550912533	0.07335353531630	0.06875233031321	0.02781725105882	0.11716504027881	0.93227342350910	0.09732382894576	0.09199078532930	0.03730577651534	0.02901440847342	0.02022334287242	0.03411433291317	-0.03265106763019	0.00304358190000	-0.08323852248896	-0.08532838548903	-0.09263526062523	-0.09633792840278	-0.05827756460653	-0.10105635971839	-0.08344252641688	-0.05183950817396	-0.16295514828039	-0.11089656020780
0.06121061208394	-0.07288766790750	-0.00772821015405	0.00302740798199	-0.01774617658389	-0.03350305911399	-0.03306616443315	-0.02986921327939	-0.00737574686382	0.08481185875778	0.11272360698499	0.10541119501211	0.08871461797357	0.05597537680477	0.10526203622394	0.09732382894576	0.97024495070296	0.12996970530347	0.03669348749928	0.03638432662570	0.01325136142927	0.05477933027173	-0.02761517799532	-0.00961757709338	-0.07896737230383	-0.07574621408444	-0.10714794215225	-0.11132272482712	-0.06495897633526	-0.11884840262964	-0.10415010821900	-0.05411038824892	-0.15332272364010	-0.10930823777591
0.04968472986359	-0.08038934754479	-0.01360593275878	-0.00584627138094	-0.01372794132852	-0.02744964883492	-0.03176248929180	-0.03123109158556	-0.00707519873886	0.06888632332302	0.10575996886752	0.09691084652720	0.07986950964462	0.04533593511034	0.10333541228926	0.09199078532930	0.12996970530347	0.98289092405360	0.03866077087011	0.02536289396038	0.01204077386672	0.04226336559578	-0.03143557969384	-0.00341655403551	-0.08189582006783	-0.08435212950644	-0.10440131973197	-0.11566257395777	-0.06315768873413	-0.11683949927129	-0.10950512737629	-0.05033256318460	-0.16633329026731	-0.11479562559601
0.02362636938701	-0.13990750718211	-0.07416549796982	-0.06697397489959	0.05372466440366	0.03757428576212	0.03020599976622	0.03449599589090	0.05161495000885	0.00895991178734	0.03137237072884	0.02848500996349	0.02405255743441	-0.01527651899561	0.03779400993301	0.03730577651534	0.03669348749928	0.03866077087011	0.92404159436117	0.06766017560941	0.07060360953647	0.00262298486672	-0.09047668306091	0.04626922008603	-0.13735000404837	-0.14233234489735	-0.01827891945251	-0.01857087044758	0.00973226731604	-0.02322923606585	-0.02509564983002	0.01211741493201	-0.20489539767513	-0.14913943657150
0.01494699326183	-0.14594161272169	-0.08342124590914	-0.07170761884972	0.05235471902795	0.03827232546266	0.03897290711009	0.04539488797378	0.04544882332302	0.00690797641145	0.02341251199830	0.02315081446633	0.01441006555209	-0.01924085111535	0.02804774629037	0.02901440847342	0.03638432662570	0.02536289396038	0.06766017560941	0.90708385971894	0.07106898495555	0.01101296438988	-0.08420906982893	0.03808290942041	-0.14449550655636	-0.14743235719241	0.00758485908977	0.01791555380674	0.01934976241114	0.00380970067806	0.00656440017363	0.01783110338082	-0.19037015869620	-0.14191779279730
-0.00410237672346	-0.15423566913601	-0.09599797912489	-0.08815264857277	0.06210422160292	0.04815386089792	0.04081872759026	0.04957617975074	0.06340802169403	-0.01889208311696	-0.00825505451496	-0.00158640645406	-0.00712905550641	-0.03655066600727	0.00619265361965	0.02022334287242	0.01325136142927	0.01204077386672	0.07060360953647	0.07106898495555	0.86631643028409	-0.01031014926531	-0.10127637283562	0.05400100643916	-0.14799623988657	-0.15866649731808	0.00822101155960	0.01890831487305	0.02110482445432	0.00356664775057	0.01390036029735	0.02906689713860	-0.19966223578122	-0.15594843372964
0.04622316438167	-0.10551767564439	-0.05340126706564	-0.03576398615881	-0.03302116689716	-0.02026214758542	-0.02947144349534	-0.02811374905413	-0.02657090833860	0.04402978049699	0.04009583850417	0.03907924717389	0.03003494353083	0.04652353581985	0.03994340368922	0.03411433291317	0.05477933027173	0.04226336559578	0.00262298486672	0.01101296438988	-0.01031014926531	0.78406103165339	-0.00713200598047	-0.00408220904962	-0.06941296317630	-0.09349577407382	-0.05448445271876	-0.05129463346360	-0.00374756110739	-0.06433138097235	-0.03863834629104	-0.00446038026698	-0.13700230007537	-0.05686988440022
-0.02111474038999	0.14655063352032	0.14019150239104	0.13866333546414	-0.12777696959572	-0.10858575477658	-0.11429603736798	-0.10902582005784	-0.11980518206681	-0.03453704189041	-0.02173976647325	-0.02461382789744	-0.02816501945905	0.00050149200373	-0.01716154637086	-0.03265106763019	-0.02761517799532	-0.03143557969384	-0.09047668306091	-0.08420906982893	-0.10127637283562	-0.00713200598047	1.00495826442548	-0.07474799037037	0.12849586809852	0.14793117229374	-0.11414901834463	-0.12564078146835	-0.10278764030610	-0.11963649206769	-0.10555183378782	-0.08526539518614	0.14003625230157	0.15055610144722
-0.01215350882070	-0.16523279516634	-0.12045423364807	-0.10354970114514	0.04917373996903	0.04179114917678	0.03767051660857	0.05739322870331	0.03921118241717	-0.02551462007585	-0.01712887200595	-0.01616109308433	-0.01552768560476	-0.00753149284769	-0.00811634172281	0.00304358190000	-0.00961757709338	-0.00341655403551	0.04626922008603	0.03808290942041	0.05400100643916	-0.00408220904962	-0.07474799037037	0.85531199355167	-0.15296040054398	-0.16613889966234	0.02157823375316	0.02919691127917	0.07066071158144	0.00403408728129	0.02222596555247	0.05272767066389	-0.19059338146065	-0.12576202960160
-0.05734417029979	0.44819888654761	0.22645135717941	0.19466486972237	-0.18912676791430	-0.17988871598617	-0.18105501275987	-0.18117705744791	-0.18182760842641	-0.07527462241429	-0.04939132827978	-0.07666413414307	-0.05866060984109	-0.04406517251940	-0.06282252268963	-0.08323852248896	-0.07896737230383	-0.08189582006783	-0.13735000404837	-0.14449550655636	-0.14799623988657	-0.06941296317630	0.12849586809852	-0.15296040054398	1.53188199563430	0.45054150731406	-0.21605656713501	-0.21431687586590	-0.18772008340147	-0.21698222627004	-0.20688208340247	-0.16793514632118	0.43858169016056	0.21104086469739
-0.06447126614476	0.52112528888387	0.28022703623143	0.21990472330123	-0.20281101684623	-0.20171028746444	-0.20588479681168	-0.20120456888831	-0.19764484364785	-0.07944036184954	-0.06459654781278	-0.07527591095879	-0.07137687680802	-0.06526738751022	-0.06438024804654	-0.08532838548903	-0.07574621408444	-0.08435212950644	-0.14233234489735	-0.14743235719241	-0.15866649731808	-0.09349577407382	0.14793117229374	-0.16613889966234	0.45054150731406	1.57094725837847	-0.21059102990598	-0.21113293705930	-0.19455110295661	-0.21019401762991	-0.20687289959436	-0.17493178679671	0.53809243684039	0.26933082275925
-0.08172925421481	-0.21861271144000	-0.18167627863599	-0.17710107099446	0.04533260051334	0.04960348518021	0.04034863531735	0.04440227138065	0.03508351361503	-0.10714473250503	-0.14190793738417	-0.11789896399148	-0.11498907126835	-0.07239717758461	-0.11668909098542	-0.09263526062523	-0.10714794215225	-0.10440131973197	-0.01827891945251	0.00758485908977	0.00822101155960	-0.05448445271876	-0.11414901834463	0.02157823375316	-0.21605656713501	-0.21059102990598	0.79059647347520	0.30839252620447	0.09965413435049	0.31617905227099	0.32895647824575	0.11723044367414	-0.16347668862117	-0.09793792582882
-0.08301773624503	-0.22001685010126	-0.18946361687602	-0.18398513172705	0.04485630760809	0.06107117594977	0.04121074578020	0.04853106473073	0.03559264878644	-0.12080256236993	-0.14398488370175	-0.13241976725356	-0.12648901079266	-0.09100639980228	-0.12813180351499	-0.09633792840278	-0.11132272482712	-0.11566257395777	-0.01857087044758	0.01791555380674	0.01890831487305	-0.05129463346360	-0.12564078146835	0.02919691127917	-0.21431687586590	-0.21113293705930	0.30839252620447	0.79807504736728	0.11598845076779	0.39215816491770	0.30664729028930	0.11054942631812	-0.15922138362878	-0.10461150086415
-0.06335015433171	-0.20074022430483	-0.16721718494165	-0.15414945379457	0.07095392964528	0.07873598094816	0.06596881647328	0.11447825317972	0.03885272495457	-0.07735541093730	-0.09362111431205	-0.07136189845432	-0.08917383961647	-0.03910032854293	-0.06896412017369	-0.05827756460653	-0.06495897633526	-0.06315768873413	0.00973226731604	0.01934976241114	0.02110482445432	-0.00374756110739	-0.10278764030610	0.07066071158144	-0.18772008340147	-0.19455110295661	0.09965413435049	0.11598845076779	0.77806109990181	0.10380587941148	0.09696341133364	0.13248756812261	-0.15756119165096	-0.08035197975414
-0.09568876749047	-0.21955217752464	-0.18554080322210	-0.18313772238560	0.03746396682908	0.04884012798730	0.04571174106759	0.05012836402266	0.03100099463141	-0.10981376892739	-0.14315973103812	-0.12815035855586	-0.12126411901166	-0.08377850853957	-0.12833091097379	-0.10105635971839	-0.11884840262964	-0.11683949927129	-0.02322923606585	0.00380970067806	0.00356664775057	-0.06433138097235	-0.11963649206769	0.00403408728129	-0.21698222627004	-0.21019401762991	0.31617905227099	0.39215816491770	0.10380587941148	0.85907794939017	0.31208688482230	0.10075510582246	-0.17332483903971	-0.11098601643389
-0.07905750794431	-0.22147705997189	-0.18413666456085	-0.17514157746086	0.03579488779885	0.04554168443036	0.04197749223562	0.04942572851339	0.03031507701092	-0.10231334659717	-0.12717752307322	-0.11974715851728	-0.10663639779309	-0.07048413412808	-0.10453592187191	-0.08344252641688	-0.10415010821900	-0.10950512737629	-0.02509564983002	0.00656440017363	0.01390036029735	-0.03863834629104	-0.10555183378782	0.02222596555247	-0.20688208340247	-0.20687289959436	0.32895647824575	0.30664729028930	0.09696341133364	0.31208688482230	0.71907808517151	0.09982390204138	-0.15606886968938	-0.09050290689393
-0.04749723814152	-0.18624964326841	-0.14004175009146	-0.13472088907759	0.04432552879367	0.04411741714206	0.04490127781132	0.04750306392455	0.03958209580998	-0.06621892686640	-0.08221359857087	-0.06422889873271	-0.06340746722942	-0.04498883245810	-0.06487153882889	-0.05183950817396	-0.05411038824892	-0.05033256318460	0.01211741493201	0.01783110338082	0.02906689713860	-0.00446038026698	-0.08526539518614	0.05272767066389	-0.16793514632118	-0.17493178679671	0.11723044367414	0.11054942631812	0.13248756812261	0.10075510582246	0.09982390204138	0.68906440676370	-0.13392505275379	-0.06302072816728
-0.13836219089926	0.54746604365045	0.29866681094200	0.19318533949352	-0.23709496907243	-0.22220790679647	-0.23106973496654	-0.22602541903155	-0.23791289026811	-0.15009775445271	-0.14237264119824	-0.15698984320803	-0.14414986425457	-0.11564716608923	-0.14136712354134	-0.16295514828039	-0.15332272364010	-0.16633329026731	-0.20489539767513	-0.19037015869620	-0.19966223578122	-0.13700230007537	0.14003625230157	-0.19059338146065	0.43858169016056	0.53809243684039	-0.16347668862117	-0.15922138362878	-0.15756119165096	-0.17332483903971	-0.15606886968938	-0.13392505275379	1.63471426818535	0.50098035589693
-0.07929528735698	0.27834394948231	0.19833164567844	0.13617272731362	-0.17491185730836	-0.15096303161129	-0.16084330973948	-0.15475655349050	-0.17302803647934	-0.08667898317376	-0.09661567612320	-0.10410886698547	-0.09881766592330	-0.04288588877896	-0.09062499062877	-0.11089656020780	-0.10930823777591	-0.11479562559601	-0.14913943657150	-0.14191779279730	-0.15594843372964	-0.05686988440022	0.15055610144722	-0.12576202960160	0.21104086469739	0.26933082275925	-0.09793792582882	-0.10461150086415	-0.08035197975414	-0.11098601643389	-0.09050290689393	-0.06302072816728	0.50098035589693	1.07927852939056
