0.000010 0.999930 0.000010 0.000010 0.000010 0.000010 0.000010 0.000010
0.000010 0.000010 0.218655 0.000010 0.781284 0.000010 0.000010 0.000010
0.000010 0.000010 0.022371 0.000010 0.620075 0.000010 0.357503 0.000010
0.845164 0.000010 0.154742 0.000010 0.000010 0.000010 0.000010 0.000043
0.486242 0.000010 0.513698 0.000010 0.000010 0.000010 0.000010 0.000010
0.000010 0.000010 0.482651 0.517289 0.000010 0.000010 0.000010 0.000010
0.000010 0.000010 0.000010 0.000010 0.000010 0.000010 0.000010 0.999930
0.000010 0.000010 0.999930 0.000010 0.000010 0.000010 0.000010 0.000010
0.000010 0.000011 0.486216 0.000010 0.512074 0.000010 0.001659 0.000010
0.000017 0.000010 0.999923 0.000010 0.000010 0.000010 0.000010 0.000010
0.574338 0.000010 0.425602 0.000010 0.000010 0.000010 0.000010 0.000010
0.000010 0.000010 0.000010 0.000010 0.000010 0.000010 0.999930 0.000010
0.000010 0.000010 0.999930 0.000010 0.000010 0.000010 0.000010 0.000010
0.000010 0.000010 0.999930 0.000010 0.000010 0.000010 0.000010 0.000010
0.000010 0.000010 0.313667 0.000010 0.686273 0.000010 0.000010 0.000010
0.000010 0.469596 0.025900 0.000010 0.000010 0.497849 0.006615 0.000010
0.000010 0.000010 0.000010 0.000010 0.000010 0.000010 0.999930 0.000010
0.000010 0.000010 0.514912 0.000010 0.000010 0.485028 0.000010 0.000010
0.000010 0.000010 0.000010 0.000010 0.000010 0.999930 0.000010 0.000010
0.000010 0.000010 0.000010 0.999930 0.000010 0.000010 0.000010 0.000010
0.000775 0.000486 0.997702 0.000010 0.000192 0.000010 0.000010 0.000815
0.000010 0.251769 0.748171 0.000010 0.000010 0.000010 0.000010 0.000010
0.999930 0.000010 0.000010 0.000010 0.000010 0.000010 0.000010 0.000010
0.000010 0.000010 0.000019 0.000010 0.000010 0.000010 0.000010 0.999921
0.000010 0.000010 0.000010 0.000010 0.000010 0.000010 0.000010 0.999930
0.000010 0.000026 0.000010 0.000010 0.000010 0.000010 0.000010 0.999914
0.000010 0.999930 0.000010 0.000010 0.000010 0.000010 0.000010 0.000010
0.000010 0.000010 0.999930 0.000010 0.000010 0.000010 0.000010 0.000010
0.000010 0.000010 0.999930 0.000010 0.000010 0.000010 0.000010 0.000010
0.000010 0.000010 0.992580 0.000010 0.000010 0.000010 0.000010 0.007360
0.000010 0.000010 0.000010 0.360624 0.000010 0.000010 0.000010 0.639316
0.000010 0.000010 0.014505 0.921970 0.000010 0.042388 0.021097 0.000010
0.000010 0.000010 0.999930 0.000010 0.000010 0.000010 0.000010 0.000010
0.000010 0.000010 0.000010 0.000010 0.000010 0.000010 0.000010 0.999930
0.000010 0.000010 0.000010 0.000010 0.000010 0.000010 0.000010 0.999930
